/*--------------------------------*- C++ -*----------------------------------*\
| =========                 |                                                 |
| \\      /  F ield         | OpenFOAM: The Open Source CFD Toolbox           |
|  \\    /   O peration     | Version:  v2012                                 |
|   \\  /    A nd           | Website:  www.openfoam.com                      |
|    \\/     M anipulation  |                                                 |
\*---------------------------------------------------------------------------*/
FoamFile
{
    version     2.0;
    format      ascii;
    class       volScalarField;
    location    "0.2";
    object      p;
}
// * * * * * * * * * * * * * * * * * * * * * * * * * * * * * * * * * * * * * //

dimensions      [0 2 -2 0 0 0 0];


internalField   nonuniform List<scalar> 
8000
(
-6.58081e-11
-0.00111284
-0.00124944
-0.00109173
-0.000811577
-0.000720083
-0.000632776
-0.00127741
-0.00111309
-0.000789755
-0.000113866
5.09017e-05
-0.000270216
0.000875939
0.00113052
0.0014631
0.00175644
0.00237066
0.00315134
0.00477904
5.80974e-07
-0.00111475
-0.00124724
-0.00109376
-0.000810092
-0.000722403
-0.000634841
-0.00128443
-0.00110564
-0.000790697
-0.000115974
5.0388e-05
-0.000258487
0.000853428
0.00113856
0.0014154
0.00176254
0.00233644
0.00315233
0.00459501
-6.7228e-08
-0.00111689
-0.00124509
-0.00109735
-0.000807611
-0.0007253
-0.000640566
-0.00128934
-0.00110155
-0.000790984
-0.000110997
4.44769e-05
-0.000247087
0.000826826
0.00114624
0.00136935
0.00177281
0.00229748
0.00313928
0.0043643
-2.31923e-06
-0.00111891
-0.00124268
-0.00110253
-0.000804103
-0.00072718
-0.000648173
-0.00129187
-0.00109922
-0.000787538
-0.000103607
3.14957e-05
-0.000233597
0.000797065
0.00115393
0.00132328
0.00178146
0.00226353
0.00310142
0.00415539
-5.78113e-06
-0.00112063
-0.00123998
-0.00110942
-0.000799067
-0.000728337
-0.000655923
-0.00129208
-0.00109652
-0.00078224
-9.5933e-05
1.60625e-05
-0.000218984
0.000764711
0.0011636
0.0012744
0.00179009
0.00222616
0.00304288
0.00397364
-9.98437e-06
-0.001122
-0.00123706
-0.00111754
-0.000792814
-0.00072904
-0.000662572
-0.00129045
-0.00109304
-0.000776166
-8.80069e-05
3.08801e-08
-0.000205599
0.000731622
0.00117306
0.00122542
0.00179674
0.00218346
0.00297186
0.00380517
-1.45493e-05
-0.00112308
-0.00123405
-0.00112642
-0.000785855
-0.00072934
-0.000667867
-0.0012878
-0.00108858
-0.000769732
-8.00925e-05
-1.61846e-05
-0.000193669
0.000698398
0.00118145
0.001178
0.001797
0.00213987
0.00288965
0.00364114
-1.92374e-05
-0.00112405
-0.001231
-0.00113575
-0.000778606
-0.000729321
-0.000672104
-0.00128473
-0.00108305
-0.000763337
-7.23454e-05
-3.19951e-05
-0.000183398
0.000665589
0.00118821
0.00113198
0.00178971
0.00209702
0.00279485
0.00347948
-2.39444e-05
-0.00112505
-0.00122798
-0.00114532
-0.000771335
-0.000729049
-0.000675636
-0.00128164
-0.00107663
-0.00075712
-6.48225e-05
-4.70671e-05
-0.000175111
0.000633861
0.00119221
0.00108816
0.00177503
0.00205384
0.00268819
0.00332039
-2.86428e-05
-0.00112618
-0.00122501
-0.00115498
-0.000764184
-0.000728557
-0.000678746
-0.00127882
-0.00106948
-0.000751074
-5.78218e-05
-6.10892e-05
-0.000169004
0.000603673
0.00119285
0.00104757
0.00175224
0.00200914
0.00257223
0.00316314
-3.33357e-05
-0.00112748
-0.00122211
-0.00116462
-0.00075724
-0.000727859
-0.000681629
-0.00127643
-0.0010618
-0.000745172
-5.16434e-05
-7.36927e-05
-0.000165462
0.000575545
0.00118992
0.00101029
0.00172077
0.00196254
0.00244961
0.00300622
-3.80334e-05
-0.00112898
-0.00121931
-0.00117414
-0.000750565
-0.000726948
-0.000684406
-0.00127447
-0.00105382
-0.000739284
-4.65634e-05
-8.46007e-05
-0.000164849
0.000549842
0.00118306
0.000975842
0.00168097
0.00191368
0.00232215
0.0028486
-4.2748e-05
-0.00113067
-0.00121663
-0.00118349
-0.000744204
-0.000725805
-0.000687173
-0.00127289
-0.00104574
-0.000733192
-4.29287e-05
-9.35529e-05
-0.000167341
0.00052653
0.00117194
0.000943828
0.00163371
0.00186163
0.00219116
0.00269016
-4.74947e-05
-0.00113252
-0.00121409
-0.00119262
-0.000738193
-0.000724386
-0.000690022
-0.00127156
-0.00103781
-0.00072665
-4.10489e-05
-0.000100358
-0.000173066
0.000505325
0.0011566
0.000913687
0.00157988
0.00180541
0.00205802
0.00253113
-5.22917e-05
-0.00113453
-0.00121173
-0.0012015
-0.000732576
-0.000722633
-0.000693047
-0.00127037
-0.00103031
-0.000719406
-4.1144e-05
-0.000104944
-0.000182112
0.000485945
0.00113744
0.000884361
0.00152033
0.00174457
0.00192402
0.00237165
-5.71597e-05
-0.00113666
-0.00120958
-0.00121007
-0.000727408
-0.000720475
-0.000696346
-0.00126915
-0.0010235
-0.000711223
-4.34122e-05
-0.000107305
-0.00019432
0.000468202
0.001115
0.000854565
0.00145595
0.00167909
0.00178997
0.00221187
-6.21213e-05
-0.00113888
-0.00120768
-0.0012183
-0.000722748
-0.000717833
-0.000700034
-0.00126775
-0.00101763
-0.000701905
-4.79739e-05
-0.000107633
-0.000209434
0.000458838
0.00109009
0.000823128
0.00138757
0.00160913
0.00165633
0.00205218
-6.72022e-05
-0.00114115
-0.00120604
-0.00122614
-0.000718659
-0.000714618
-0.000704246
-0.00126603
-0.00101292
-0.000691332
-5.48367e-05
-0.000106214
-0.0002272
0.000443158
0.00106369
0.000789153
0.00131568
0.00153523
0.00152357
0.00189293
-7.24307e-05
-0.00114341
-0.00120477
-0.00123354
-0.000715211
-0.000710734
-0.00070912
-0.00126387
-0.00100953
-0.000679471
-6.39248e-05
-0.000103281
-0.000246918
0.000424706
0.00103668
0.000752202
0.00124031
0.00145812
0.00139219
0.00173437
-7.78392e-05
-0.00114563
-0.00120393
-0.00124045
-0.000712483
-0.000706092
-0.000714782
-0.00126116
-0.00100758
-0.000666375
-7.50702e-05
-9.93874e-05
-0.000267626
0.000403111
0.00100966
0.000712155
0.00116123
0.00137856
0.00126271
0.00157677
-8.34656e-05
-0.00114774
-0.00120358
-0.00124681
-0.00071055
-0.000700598
-0.000721351
-0.00125784
-0.00100713
-0.000652146
-8.79456e-05
-9.53684e-05
-0.000288309
0.000377749
0.000982732
0.00066929
0.00107826
0.00129711
0.00113567
0.00142042
-8.93505e-05
-0.00114967
-0.00120377
-0.00125257
-0.000709486
-0.000694162
-0.000728922
-0.0012539
-0.0010082
-0.000636985
-0.000101962
-9.20399e-05
-0.000308006
0.000348129
0.000955472
0.000624396
0.000991339
0.00121401
0.00101164
0.00126567
-9.55373e-05
-0.00115135
-0.00120458
-0.00125766
-0.000709364
-0.000686724
-0.000737546
-0.00124938
-0.00101068
-0.00062126
-0.000116474
-9.03247e-05
-0.000326093
0.000314063
0.000927266
0.000578419
0.000900538
0.00112928
0.00089117
0.00111289
-0.000102076
-0.00115271
-0.0012061
-0.00126203
-0.000710251
-0.000678249
-0.000747219
-0.0012444
-0.00101431
-0.000605475
-0.000130799
-9.10958e-05
-0.000342364
0.000275881
0.00089738
0.000532085
0.000806073
0.00104289
0.000774786
0.000962512
-0.000109022
-0.00115365
-0.0012084
-0.00126563
-0.000712195
-0.000668725
-0.000757893
-0.00123913
-0.00101883
-0.000590252
-0.000144184
-9.48046e-05
-0.0003569
0.000234199
0.000865001
0.000485789
0.000708258
0.000954822
0.000663077
0.000814967
-0.000116432
-0.00115408
-0.00121156
-0.00126843
-0.000715227
-0.000658182
-0.000769477
-0.00123381
-0.00102381
-0.000576298
-0.00015612
-0.000101518
-0.000370171
0.000189856
0.000829618
0.000439724
0.000607401
0.000865088
0.000556739
0.000670762
-0.000124367
-0.0011539
-0.00121566
-0.00127041
-0.000719335
-0.000646692
-0.000781803
-0.00122879
-0.00102867
-0.00056426
-0.000166463
-0.000111087
-0.000382959
0.000143822
0.000790989
0.000394048
0.000503974
0.000773431
0.000456196
0.000530603
-0.000132904
-0.00115299
-0.0012208
-0.00127156
-0.000724485
-0.000634378
-0.000794621
-0.00122452
-0.00103281
-0.000554523
-0.000175329
-0.000123197
-0.000396236
9.67391e-05
0.000749142
0.000348867
0.000398593
0.000679407
0.000361476
0.000395323
-0.000142113
-0.00115126
-0.0012269
-0.00127188
-0.000730615
-0.000621436
-0.000807592
-0.00122146
-0.00103585
-0.00054716
-0.00018314
-0.000137186
-0.000410681
4.85017e-05
0.000704173
0.000304347
0.000291989
0.000582545
0.000272253
0.000265677
-0.000152064
-0.00114859
-0.00123429
-0.00127116
-0.000737612
-0.000608112
-0.000820272
-0.00122012
-0.00103762
-0.000542046
-0.000190507
-0.000152277
-0.000426517
-1.23169e-06
0.000656104
0.000260949
0.000184951
0.000482327
0.000187976
0.000142324
-0.00016284
-0.00114486
-0.00124286
-0.00127
-0.00074527
-0.000594717
-0.000832191
-0.00122092
-0.00103818
-0.00053882
-0.000198126
-0.000168068
-0.000443711
-5.28996e-05
0.000604832
0.000219127
7.82992e-05
0.000378437
0.000107969
2.57214e-05
-0.000174528
-0.00113997
-0.00125262
-0.00126835
-0.000753382
-0.000581602
-0.000842844
-0.00122408
-0.00103784
-0.000536884
-0.00020667
-0.000184602
-0.000461854
-0.000106522
0.000549981
0.000179008
-2.67468e-05
0.000271101
3.13128e-05
-8.41698e-05
-0.000187213
-0.00113383
-0.00126352
-0.00126637
-0.000761759
-0.000569127
-0.00085172
-0.00122969
-0.00103716
-0.00053557
-0.000216581
-0.000202043
-0.000480483
-0.000161991
0.000490942
0.000140337
-0.000128646
0.000161108
-4.29417e-05
-0.000187788
-0.000200984
-0.00112634
-0.00127551
-0.00126424
-0.000770053
-0.000557739
-0.000858475
-0.00123765
-0.00103689
-0.000534154
-0.000228021
-0.000220885
-0.000499258
-0.0002191
0.000427256
0.000102371
-0.00022623
4.94424e-05
-0.00011538
-0.000285547
-0.000215919
-0.00111742
-0.00128849
-0.00126227
-0.0007779
-0.000547871
-0.000863002
-0.00124756
-0.0010378
-0.000532116
-0.000240863
-0.000242017
-0.000518051
-0.000276779
0.000358958
6.42245e-05
-0.00031904
-6.30899e-05
-0.000186107
-0.000377609
-0.000232094
-0.00110701
-0.00130225
-0.00126087
-0.000784994
-0.000539753
-0.000865333
-0.00125881
-0.00104064
-0.000529498
-0.000254578
-0.0002661
-0.000537104
-0.000333748
0.000286313
2.50363e-05
-0.000407037
-0.000176017
-0.000254952
-0.000463719
-0.000249592
-0.00109512
-0.00131653
-0.00126047
-0.000791011
-0.00053348
-0.000865667
-0.00127073
-0.00104613
-0.000526666
-0.000268332
-0.000293426
-0.00055702
-0.000389015
0.000209868
-1.58976e-05
-0.000490125
-0.000289292
-0.000322119
-0.000543213
-0.00026848
-0.00108174
-0.001331
-0.00126152
-0.000795651
-0.000529112
-0.000864439
-0.00128247
-0.00105476
-0.000524192
-0.000281155
-0.00032389
-0.00057916
-0.000442044
0.000130888
-5.91483e-05
-0.000568291
-0.000403002
-0.000388717
-0.000615547
-0.000288828
-0.00106691
-0.0013453
-0.00126448
-0.000798742
-0.000526521
-0.0008622
-0.00129331
-0.00106666
-0.000522846
-0.000292324
-0.000357258
-0.000604561
-0.000492711
5.12967e-05
-0.000105026
-0.000641923
-0.000516968
-0.000456335
-0.000680723
-0.000310683
-0.0010507
-0.00135902
-0.00126981
-0.000800306
-0.000525349
-0.000859574
-0.00130258
-0.00108153
-0.000523812
-0.000301666
-0.000392762
-0.000633414
-0.000541234
-2.70135e-05
-0.000153111
-0.000711671
-0.000630744
-0.00052633
-0.000739375
-0.000334073
-0.00103325
-0.00137165
-0.00127795
-0.000800448
-0.000525169
-0.000857308
-0.0013098
-0.00109876
-0.000528316
-0.000309376
-0.000428756
-0.000668239
-0.00058932
-0.000103027
-0.000202226
-0.000777955
-0.000743991
-0.000599757
-0.000792693
-0.000359016
-0.00101476
-0.00138265
-0.00128924
-0.00079945
-0.000525307
-0.000856071
-0.0013151
-0.00111748
-0.000537095
-0.00031604
-0.000463561
-0.000707713
-0.000639213
-0.00017699
-0.000250675
-0.00084043
-0.000856656
-0.000677519
-0.000842126
-0.000385493
-0.000995458
-0.0013915
-0.00130391
-0.000797806
-0.000524972
-0.000856375
-0.00131884
-0.00113677
-0.00055062
-0.000322562
-0.000495998
-0.000751303
-0.000692351
-0.000249893
-0.000296979
-0.000897803
-0.000968656
-0.000760536
-0.000889251
-0.000413464
-0.000973884
-0.0013977
-0.00132195
-0.000796187
-0.000523548
-0.000858519
-0.00132137
-0.00115552
-0.000568889
-0.000330307
-0.000525521
-0.000797409
-0.000749138
-0.000323356
-0.00034084
-0.000948223
-0.00107915
-0.00084978
-0.000935815
-0.000442903
-0.000953921
-0.00140072
-0.00134328
-0.000795475
-0.000520319
-0.000862398
-0.00132356
-0.00117283
-0.000591426
-0.000340973
-0.000552187
-0.00084341
-0.000808797
-0.000399444
-0.000383811
-0.000989686
-0.00118588
-0.000945998
-0.000983759
-0.000473769
-0.000934096
-0.00140009
-0.00136775
-0.00079658
-0.000514643
-0.000867659
-0.00132665
-0.00118839
-0.000617303
-0.000355844
-0.00057656
-0.000887276
-0.000870193
-0.000479359
-0.000428334
-0.00102108
-0.00128531
-0.00104918
-0.00103537
-0.000505956
-0.000914763
-0.00139546
-0.00139496
-0.000800512
-0.000506275
-0.000873635
-0.00133179
-0.00120218
-0.000645106
-0.000375702
-0.000599786
-0.000928089
-0.000931785
-0.000562675
-0.000477354
-0.00104367
-0.00137334
-0.00115738
-0.00109295
-0.000539307
-0.000896344
-0.0013866
-0.00142432
-0.000808352
-0.000495195
-0.000879334
-0.00134003
-0.0012146
-0.000673168
-0.000400807
-0.000623651
-0.000965509
-0.000991382
-0.000647589
-0.000533686
-0.00106144
-0.00144657
-0.001266
-0.00115751
-0.000573646
-0.00087927
-0.00137339
-0.00145509
-0.000821103
-0.000481667
-0.00088352
-0.00135205
-0.00122656
-0.000699901
-0.000430754
-0.000649961
-0.000999849
-0.00104701
-0.000731971
-0.000598302
-0.00107932
-0.00150423
-0.00136927
-0.00122797
-0.000608768
-0.000863922
-0.00135584
-0.0014865
-0.000839661
-0.000466188
-0.000884844
-0.00136796
-0.0012395
-0.000724251
-0.000464564
-0.000678552
-0.00103171
-0.00109768
-0.000813566
-0.000669657
-0.00110244
-0.00154931
-0.00146185
-0.00130106
-0.000644432
-0.000850685
-0.00133414
-0.00151755
-0.000864658
-0.000449604
-0.000882077
-0.00138864
-0.00125528
-0.000745806
-0.000500259
-0.000713647
-0.00106265
-0.00114335
-0.000890079
-0.000744336
-0.00113454
-0.00158735
-0.00154074
-0.00137194
-0.000680366
-0.000839938
-0.00130864
-0.00154712
-0.00089642
-0.000433204
-0.000874219
-0.00141223
-0.00127567
-0.000764904
-0.000535071
-0.000754538
-0.00109508
-0.00118456
-0.00096007
-0.000818821
-0.00117588
-0.00162492
-0.00160749
-0.00143568
-0.00071629
-0.00083205
-0.00127752
-0.00157405
-0.000935041
-0.000418497
-0.000860566
-0.00143705
-0.00130221
-0.000782492
-0.000566362
-0.000799868
-0.00113172
-0.00122221
-0.00102313
-0.000890006
-0.00122292
-0.00166778
-0.00166797
-0.00148979
-0.00075192
-0.000827388
-0.00124574
-0.00159727
-0.000980368
-0.000407173
-0.000840655
-0.00146162
-0.00133577
-0.000800173
-0.000592405
-0.000848057
-0.00117505
-0.00125774
-0.00107922
-0.00095582
-0.00127098
-0.00171767
-0.00172917
-0.00153632
-0.000786941
-0.0008262
-0.00121208
-0.00161565
-0.00103182
-0.000400981
-0.000814512
-0.00148406
-0.00137705
-0.000820219
-0.000612399
-0.000896324
-0.00122647
-0.00129344
-0.00112826
-0.00101559
-0.00131615
-0.00177165
-0.00179742
-0.00158073
-0.000821064
-0.000828639
-0.00117743
-0.00162822
-0.00108849
-0.000401714
-0.000782811
-0.00150195
-0.00142582
-0.000845583
-0.000625561
-0.000940264
-0.00128588
-0.00133267
-0.0011704
-0.00106926
-0.0013558
-0.0018241
-0.00187569
-0.00163042
-0.000854016
-0.00083479
-0.00114271
-0.00163431
-0.00114926
-0.000410996
-0.00074661
-0.00151319
-0.001481
-0.000878909
-0.00063346
-0.000975392
-0.00135128
-0.00137955
-0.0012066
-0.00111617
-0.00138989
-0.0018699
-0.0019611
-0.00169213
-0.000885544
-0.000844627
-0.00110896
-0.00163343
-0.00121266
-0.000430135
-0.000707418
-0.00151604
-0.00154077
-0.000922558
-0.000638593
-0.000998378
-0.00141893
-0.001438
-0.00123944
-0.00115448
-0.00142001
-0.00190614
-0.00204577
-0.0017683
-0.000915428
-0.000858003
-0.00107726
-0.00162538
-0.00127696
-0.00046017
-0.000667295
-0.00150901
-0.00160283
-0.00097773
-0.000644532
-0.00100788
-0.00148385
-0.00151013
-0.0012738
-0.00118215
-0.00144633
-0.00193411
-0.00212237
-0.00185516
-0.000943498
-0.000874718
-0.0010486
-0.00161013
-0.00134037
-0.000501727
-0.00062858
-0.00149124
-0.00166431
-0.00104456
-0.000655312
-0.00100483
-0.00153976
-0.00159483
-0.00131657
-0.00119918
-0.00146576
-0.0019575
-0.00218729
-0.00194537
-0.000969664
-0.000894479
-0.00102382
-0.00158812
-0.00140107
-0.00055479
-0.000593756
-0.00146261
-0.00172205
-0.00112217
-0.000674837
-0.000992077
-0.00158052
-0.00168738
-0.00137504
-0.00120931
-0.00147303
-0.00197786
-0.00224236
-0.00203196
-0.00099388
-0.000916865
-0.00100367
-0.00156015
-0.00145717
-0.00061863
-0.000565427
-0.00142382
-0.00177293
-0.00120882
-0.000706179
-0.000973326
-0.00160207
-0.00178096
-0.00145391
-0.00122024
-0.00146377
-0.00199177
-0.0022928
-0.00211167
-0.00101615
-0.00094138
-0.000988805
-0.00152719
-0.00150701
-0.000692101
-0.000546042
-0.0013763
-0.00181414
-0.00130223
-0.000751267
-0.0009533
-0.00160364
-0.00186755
-0.00155292
-0.00124255
-0.00143834
-0.00199122
-0.00234196
-0.00218678
-0.00103655
-0.000967501
-0.000979603
-0.00149061
-0.00154923
-0.000773462
-0.000537793
-0.00132219
-0.00184331
-0.00139943
-0.00081083
-0.000937037
-0.00158754
-0.00193896
-0.00166638
-0.00128653
-0.00140401
-0.0019668
-0.00238607
-0.00226266
-0.0010552
-0.000994643
-0.000976266
-0.00145201
-0.00158275
-0.000860391
-0.000542466
-0.0012644
-0.00185886
-0.00149697
-0.000884477
-0.00092895
-0.00155789
-0.00198886
-0.00178538
-0.00135796
-0.00137306
-0.00191365
-0.0024138
-0.0023423
-0.00107229
-0.00102214
-0.000978815
-0.00141297
-0.00160699
-0.000950379
-0.000561221
-0.00120607
-0.00185991
-0.00159121
-0.000970816
-0.000932355
-0.00151978
-0.00201466
-0.00190033
-0.00145553
-0.00135978
-0.00183695
-0.00241066
-0.00242188
-0.00108802
-0.0010495
-0.000987071
-0.00137508
-0.00162175
-0.00104071
-0.000594457
-0.00115062
-0.00184649
-0.00167843
-0.00106756
-0.000949349
-0.00147893
-0.00201739
-0.00200193
-0.00157167
-0.00137544
-0.00175071
-0.00236579
-0.00249028
-0.00110262
-0.00107628
-0.00100065
-0.00133983
-0.00162732
-0.00112858
-0.000641672
-0.00110153
-0.00181965
-0.00175524
-0.00117191
-0.000980933
-0.00144087
-0.0020007
-0.00208302
-0.00169602
-0.00142372
-0.00167308
-0.00227969
-0.00253299
-0.00111636
-0.00110202
-0.00101898
-0.00130854
-0.00162437
-0.00121149
-0.000701668
-0.00106182
-0.00178139
-0.00181891
-0.00128051
-0.00102713
-0.00141011
-0.00196946
-0.00213992
-0.00181857
-0.00150017
-0.00162155
-0.00216705
-0.00253805
-0.00112948
-0.00112646
-0.00104135
-0.00128227
-0.00161405
-0.00128743
-0.000772586
-0.00103389
-0.0017347
-0.00186752
-0.00138966
-0.00108707
-0.00138971
-0.00192928
-0.00217228
-0.00193071
-0.00159517
-0.00160645
-0.0020498
-0.00250247
-0.00114224
-0.00114941
-0.00106689
-0.00126177
-0.00159789
-0.00135485
-0.000851888
-0.0010194
-0.0016832
-0.00190009
-0.00149543
-0.00115909
-0.00138141
-0.00188605
-0.00218227
-0.00202646
-0.00169851
-0.00162825
-0.00195142
-0.00243483
-0.00115488
-0.0011708
-0.00109472
-0.00124754
-0.00157766
-0.00141275
-0.000936632
-0.00101913
-0.00163083
-0.00191677
-0.00159402
-0.00124094
-0.00138589
-0.00184503
-0.00217394
-0.00210256
-0.00180175
-0.00167975
-0.00188902
-0.00235115
-0.00116761
-0.00119072
-0.00112394
-0.0012397
-0.0015552
-0.00146075
-0.0010237
-0.00103301
-0.00158136
-0.00191886
-0.00168206
-0.00132982
-0.00140307
-0.0018101
-0.00215227
-0.00215796
-0.00189888
-0.00175018
-0.00186848
-0.00227
-0.0011806
-0.00120926
-0.00115372
-0.00123809
-0.00153231
-0.00149902
-0.00111005
-0.00106012
-0.00153811
-0.00190853
-0.00175696
-0.00142243
-0.00143235
-0.00178359
-0.00212288
-0.00219345
-0.00198633
-0.00182919
-0.00188505
-0.0022065
-0.00119399
-0.00122657
-0.00118335
-0.00124233
-0.00151066
-0.00152814
-0.00119299
-0.00109884
-0.00150367
-0.00188881
-0.00181718
-0.00151509
-0.00147264
-0.00176661
-0.00209115
-0.00221131
-0.00206207
-0.00190896
-0.00192716
-0.00216819
-0.00120784
-0.00124288
-0.00121224
-0.00125177
-0.00149165
-0.00154915
-0.0012704
-0.00114704
-0.00147969
-0.00186317
-0.0018624
-0.00160406
-0.00152241
-0.00175947
-0.00206146
-0.00221485
-0.00212474
-0.00198464
-0.00198186
-0.00215479
-0.0012222
-0.0012584
-0.00123996
-0.00126563
-0.00147633
-0.00156334
-0.00134077
-0.0012022
-0.0014669
-0.00183521
-0.00189348
-0.00168595
-0.00157954
-0.00176199
-0.00203673
-0.00220823
-0.00217353
-0.00205379
-0.0020392
-0.00216082
-0.00123707
-0.00127337
-0.00126626
-0.00128304
-0.00146533
-0.00157225
-0.00140326
-0.00126164
-0.00146525
-0.00180814
-0.00191228
-0.00175814
-0.00164141
-0.00177369
-0.00201849
-0.00219592
-0.00220846
-0.00211506
-0.00209348
-0.00217934
-0.00125242
-0.001288
-0.00129103
-0.00130313
-0.00145897
-0.00157747
-0.00145757
-0.00132279
-0.00147389
-0.00178453
-0.00192123
-0.00181909
-0.00170501
-0.00179373
-0.00200727
-0.00218194
-0.00223065
-0.00216741
-0.00214263
-0.00220431
-0.00126819
-0.00130248
-0.00131424
-0.00132505
-0.00145724
-0.00158051
-0.00150392
-0.00138334
-0.00149147
-0.0017662
-0.00192314
-0.00186848
-0.0017673
-0.0018209
-0.00200291
-0.00216926
-0.00224247
-0.00221013
-0.00218646
-0.00223163
-0.00128431
-0.00131695
-0.001336
-0.00134803
-0.0014599
-0.0015827
-0.00154295
-0.00144143
-0.00151631
-0.00175418
-0.00192078
-0.00190702
-0.00182562
-0.00185359
-0.00200492
-0.00215967
-0.00224705
-0.0022431
-0.00222515
-0.002259
-0.00130069
-0.00133154
-0.00135644
-0.00137142
-0.00146647
-0.00158512
-0.00157556
-0.00149569
-0.00154655
-0.00174884
-0.00191663
-0.00193609
-0.00187804
-0.00188988
-0.00201264
-0.00215392
-0.00224759
-0.00226707
-0.00225863
-0.00228525
-0.00131724
-0.00134631
-0.00137574
-0.00139472
-0.00147639
-0.00158858
-0.00160279
-0.00154527
-0.00158031
-0.00175
-0.00191258
-0.00195746
-0.00192347
-0.00192767
-0.00202532
-0.00215211
-0.00224671
-0.00228361
-0.00228672
-0.00230966
-0.00133388
-0.00136128
-0.00139407
-0.00141753
-0.00148902
-0.00159358
-0.00162572
-0.00158978
-0.00161585
-0.00175703
-0.00191002
-0.00197307
-0.00196171
-0.00196501
-0.00204203
-0.00215399
-0.00224613
-0.00229468
-0.00230944
-0.00233166
-0.00135051
-0.00137642
-0.00141161
-0.00143961
-0.00150371
-0.00160035
-0.00164539
-0.00162922
-0.00165166
-0.00176899
-0.00190982
-0.00198475
-0.00199317
-0.00200025
-0.00206167
-0.0021592
-0.00224681
-0.0023022
-0.00232721
-0.00235088
-0.00136704
-0.0013917
-0.00142852
-0.00146079
-0.00151984
-0.00160891
-0.00166274
-0.00166389
-0.00168654
-0.0017848
-0.00191241
-0.00199404
-0.00201871
-0.00203228
-0.002083
-0.00216726
-0.00224913
-0.00230774
-0.00234078
-0.00236716
-0.00138339
-0.00140704
-0.00144489
-0.00148101
-0.00153685
-0.00161913
-0.00167852
-0.00169427
-0.00171964
-0.00180332
-0.00191783
-0.00200216
-0.00203945
-0.00206056
-0.00210483
-0.00217762
-0.00225314
-0.00231245
-0.00235114
-0.00238064
-0.00139947
-0.00142235
-0.00146081
-0.00150022
-0.00155427
-0.00163074
-0.00169333
-0.00172092
-0.00175044
-0.00182348
-0.00192585
-0.00200995
-0.00205649
-0.002085
-0.00212613
-0.00218964
-0.00225873
-0.00231704
-0.00235925
-0.00239168
-0.0014152
-0.00143752
-0.0014763
-0.00151845
-0.00157169
-0.00164344
-0.00170755
-0.00174444
-0.00177868
-0.00184436
-0.00193605
-0.00201799
-0.00207083
-0.0021059
-0.00214617
-0.00220264
-0.00226565
-0.00232194
-0.00236596
-0.00240074
-0.0014305
-0.00145244
-0.00149135
-0.00153571
-0.00158883
-0.00165687
-0.00172141
-0.00176535
-0.00180431
-0.0018652
-0.00194791
-0.00202655
-0.00208331
-0.00212375
-0.00216451
-0.00221601
-0.00227362
-0.00232733
-0.00237189
-0.00240834
-0.00144527
-0.00146698
-0.00150594
-0.00155201
-0.00160543
-0.00167069
-0.00173502
-0.00178414
-0.00182741
-0.00188541
-0.00196089
-0.00203572
-0.00209455
-0.0021391
-0.002181
-0.00222921
-0.00228231
-0.00233327
-0.0023775
-0.00241491
-0.00145942
-0.00148102
-0.00151998
-0.00156738
-0.00162132
-0.0016846
-0.00174836
-0.00180116
-0.00184817
-0.0019046
-0.00197444
-0.00204544
-0.002105
-0.00215247
-0.0021957
-0.00224188
-0.0022914
-0.0023397
-0.00238306
-0.00242083
-0.00147284
-0.00149443
-0.00153338
-0.00158179
-0.00163636
-0.00169828
-0.00176138
-0.00181672
-0.00186679
-0.00192253
-0.00198811
-0.00205555
-0.00211493
-0.00216433
-0.00220877
-0.00225377
-0.00230058
-0.00234649
-0.0023887
-0.00242638
-0.00148542
-0.00150707
-0.00154605
-0.00159521
-0.00165042
-0.00171149
-0.00177394
-0.00183098
-0.00188348
-0.00193908
-0.00200154
-0.00206586
-0.0021245
-0.00217505
-0.00222046
-0.00226481
-0.00230963
-0.0023535
-0.00239446
-0.00243173
-0.00149703
-0.00151879
-0.00155785
-0.00160761
-0.00166342
-0.001724
-0.00178591
-0.00184405
-0.00189842
-0.00195417
-0.00201442
-0.00207614
-0.00213379
-0.0021849
-0.00223103
-0.00227505
-0.00231842
-0.0023606
-0.00240035
-0.00243702
-0.00150753
-0.00152946
-0.00156866
-0.0016189
-0.00167528
-0.00173562
-0.00179712
-0.00185597
-0.00191171
-0.00196774
-0.0020265
-0.00208618
-0.00214278
-0.00219406
-0.00224066
-0.00228453
-0.00232692
-0.00236776
-0.0024064
-0.0024424
-0.00151678
-0.0015389
-0.00157829
-0.00162898
-0.00168587
-0.00174617
-0.00180743
-0.00186674
-0.00192348
-0.00197982
-0.00203758
-0.00209573
-0.00215137
-0.00220257
-0.00224944
-0.00229325
-0.00233503
-0.00237493
-0.00241267
-0.00244807
-0.00152461
-0.00154698
-0.00158659
-0.00163766
-0.00169502
-0.00175542
-0.00181656
-0.00187621
-0.00193369
-0.00199036
-0.00204753
-0.00210457
-0.00215941
-0.00221041
-0.00225738
-0.00230115
-0.0023426
-0.00238199
-0.00241926
-0.00245434
-0.00153095
-0.00155351
-0.00159334
-0.00164468
-0.00170235
-0.00176283
-0.00182387
-0.00188372
-0.00194171
-0.00199867
-0.00205548
-0.00211176
-0.00216603
-0.0022169
-0.00226398
-0.00230772
-0.00234873
-0.00238742
-0.00242398
-0.00245845
-0.00153588
-0.00155952
-0.0016003
-0.00165241
-0.00171076
-0.00177173
-0.00183308
-0.00189331
-0.00195191
-0.00200937
-0.00206629
-0.00212232
-0.00217628
-0.00222707
-0.00227429
-0.00231825
-0.00235939
-0.00239808
-0.00243457
-0.00246905
0.00737148
0.003646
-0.00278856
-0.00809921
-0.00959387
-0.00868237
-0.00773145
-0.00713232
-0.00660571
-0.00623808
-0.00609167
-0.00599977
-0.00586128
-0.0057577
-0.00570388
-0.00559998
-0.0054716
-0.00534623
-0.00514733
-0.0049196
-0.00472923
-0.00449999
-0.00422855
-0.00401035
-0.00382794
-0.0036104
-0.00337794
-0.00317227
-0.00298102
-0.00278406
-0.00258577
-0.00239286
-0.00220293
-0.00201303
-0.00182259
-0.00163149
-0.00143828
-0.00124243
-0.00104235
-0.000838623
-0.000628931
-0.000415325
-0.00019393
3.10971e-05
0.000265727
0.000503733
0.000752318
0.00100565
0.00126781
0.00153975
0.00181501
0.00210778
0.00239973
0.00271066
0.00303037
0.00335719
0.00371485
0.00407856
0.00450079
0.00497733
0.0069099
0.00355323
-0.00274834
-0.00801706
-0.00953829
-0.00865596
-0.00771639
-0.00712247
-0.0065984
-0.00623223
-0.006087
-0.00599601
-0.00585812
-0.00575503
-0.00570178
-0.00559832
-0.00547028
-0.00534528
-0.00514663
-0.00491906
-0.00472887
-0.00449979
-0.00422839
-0.00401022
-0.00382788
-0.00361037
-0.00337792
-0.00317226
-0.00298102
-0.00278407
-0.00258577
-0.00239286
-0.00220294
-0.00201303
-0.00182259
-0.00163149
-0.00143828
-0.00124243
-0.00104235
-0.000838623
-0.000628931
-0.000415325
-0.00019393
3.10971e-05
0.000265727
0.000503733
0.000752318
0.00100565
0.0012678
0.00153975
0.00181501
0.00210778
0.00239973
0.00271066
0.00303037
0.00335719
0.00371485
0.00407857
0.0045008
0.00497741
0.00649583
0.00348144
-0.00264846
-0.00785655
-0.00944024
-0.00862006
-0.00770083
-0.00711143
-0.00658968
-0.00622536
-0.00608151
-0.00599155
-0.0058544
-0.00575193
-0.00569925
-0.00559623
-0.00546858
-0.00534401
-0.00514567
-0.00491829
-0.00472835
-0.00449946
-0.00422814
-0.00401004
-0.00382777
-0.0036103
-0.00337787
-0.00317224
-0.00298101
-0.00278406
-0.00258577
-0.00239286
-0.00220294
-0.00201303
-0.00182259
-0.00163149
-0.00143828
-0.00124243
-0.00104235
-0.000838623
-0.000628931
-0.000415325
-0.00019393
3.10969e-05
0.000265727
0.000503733
0.000752318
0.00100565
0.0012678
0.00153975
0.00181501
0.00210778
0.00239973
0.00271066
0.00303037
0.00335719
0.00371485
0.00407856
0.00450079
0.00497751
0.0061163
0.00340785
-0.00253145
-0.00766399
-0.00931045
-0.00856979
-0.00767711
-0.00709337
-0.00657588
-0.00621541
-0.00607368
-0.00598489
-0.00584873
-0.00574707
-0.00569498
-0.00559243
-0.00546533
-0.00534142
-0.00514363
-0.00491666
-0.00472712
-0.00449861
-0.00422757
-0.00400965
-0.00382749
-0.00361009
-0.00337774
-0.00317217
-0.00298097
-0.00278404
-0.00258576
-0.00239285
-0.00220294
-0.00201303
-0.00182259
-0.00163149
-0.00143828
-0.00124243
-0.00104235
-0.000838623
-0.000628931
-0.000415326
-0.000193929
3.10968e-05
0.000265727
0.000503733
0.000752318
0.00100565
0.0012678
0.00153975
0.00181501
0.00210778
0.00239973
0.00271066
0.00303037
0.00335719
0.00371485
0.00407855
0.00450076
0.00497763
0.00574439
0.00331658
-0.00241455
-0.00746241
-0.0091693
-0.00851282
-0.00764884
-0.00706994
-0.00655731
-0.00620219
-0.00606323
-0.00597566
-0.00584066
-0.00573995
-0.00568844
-0.00558642
-0.00545998
-0.00533691
-0.00513999
-0.0049137
-0.00472474
-0.00449689
-0.00422644
-0.00400887
-0.00382686
-0.00360961
-0.00337743
-0.003172
-0.00298086
-0.00278396
-0.00258571
-0.00239284
-0.00220293
-0.00201303
-0.00182259
-0.00163149
-0.00143828
-0.00124243
-0.00104235
-0.000838623
-0.000628931
-0.000415326
-0.000193929
3.10966e-05
0.000265728
0.000503733
0.000752318
0.00100565
0.0012678
0.00153975
0.00181501
0.00210778
0.00239973
0.00271066
0.00303037
0.00335718
0.00371484
0.00407852
0.0045007
0.00497776
0.00537499
0.00321054
-0.00229626
-0.00725656
-0.00902322
-0.00845337
-0.00761958
-0.00704428
-0.00653589
-0.00618674
-0.006051
-0.00596462
-0.00583067
-0.00573081
-0.00567977
-0.00557827
-0.00545252
-0.0053304
-0.00513464
-0.00490928
-0.00472105
-0.00449411
-0.00422463
-0.00400759
-0.00382578
-0.00360876
-0.00337689
-0.00317167
-0.00298063
-0.0027838
-0.00258562
-0.0023928
-0.00220291
-0.00201302
-0.00182259
-0.00163149
-0.00143828
-0.00124243
-0.00104235
-0.000838624
-0.000628931
-0.000415326
-0.000193929
3.10964e-05
0.000265728
0.000503733
0.000752318
0.00100565
0.0012678
0.00153975
0.00181501
0.00210778
0.00239973
0.00271066
0.00303036
0.00335717
0.00371483
0.00407849
0.00450061
0.00497791
0.00501299
0.00309616
-0.00217635
-0.0070493
-0.00887412
-0.00839205
-0.00759015
-0.00701769
-0.0065127
-0.00616975
-0.00603769
-0.0059526
-0.00581958
-0.00572034
-0.00566962
-0.00556861
-0.00544353
-0.00532236
-0.0051279
-0.00490362
-0.00471618
-0.00449036
-0.00422213
-0.0040058
-0.00382423
-0.00360753
-0.00337608
-0.00317115
-0.00298026
-0.00278354
-0.00258547
-0.00239272
-0.00220287
-0.002013
-0.00182258
-0.00163149
-0.00143828
-0.00124243
-0.00104235
-0.000838624
-0.000628931
-0.000415326
-0.000193929
3.10962e-05
0.000265728
0.000503732
0.000752318
0.00100565
0.0012678
0.00153975
0.00181501
0.00210778
0.00239972
0.00271065
0.00303036
0.00335716
0.00371481
0.00407844
0.00450051
0.00497805
0.00466422
0.00297438
-0.00205889
-0.00684244
-0.00872165
-0.00832812
-0.00756043
-0.00699067
-0.00648827
-0.00615154
-0.00602357
-0.00593997
-0.00580783
-0.00570909
-0.00565857
-0.00555802
-0.00543359
-0.00531336
-0.00512026
-0.00489713
-0.0047105
-0.0044859
-0.00421911
-0.00400359
-0.0038223
-0.00360597
-0.00337503
-0.00317047
-0.00297976
-0.00278318
-0.00258524
-0.00239259
-0.0022028
-0.00201296
-0.00182257
-0.00163149
-0.00143828
-0.00124243
-0.00104235
-0.000838624
-0.000628931
-0.000415326
-0.000193929
3.10959e-05
0.000265729
0.000503732
0.000752319
0.00100565
0.00126781
0.00153975
0.00181501
0.00210778
0.00239972
0.00271065
0.00303035
0.00335715
0.00371479
0.00407839
0.00450038
0.00497819
0.00433134
0.00284337
-0.00194629
-0.00663524
-0.00856487
-0.00826125
-0.00753064
-0.00696361
-0.00646291
-0.00613225
-0.00600872
-0.00592681
-0.00579559
-0.00569733
-0.00564696
-0.00554686
-0.0054231
-0.0053038
-0.00511209
-0.00489012
-0.00470432
-0.00448099
-0.00421574
-0.00400111
-0.00382011
-0.00360418
-0.00337381
-0.00316965
-0.00297914
-0.00278273
-0.00258495
-0.00239242
-0.0022027
-0.00201291
-0.00182255
-0.00163148
-0.00143828
-0.00124243
-0.00104235
-0.000838624
-0.00062893
-0.000415326
-0.000193928
3.10957e-05
0.000265729
0.000503731
0.00075232
0.00100565
0.00126781
0.00153975
0.00181501
0.00210778
0.00239972
0.00271064
0.00303034
0.00335714
0.00371477
0.00407832
0.00450024
0.00497832
0.00401444
0.00270314
-0.00183846
-0.0064272
-0.00840403
-0.00819161
-0.00750085
-0.00693669
-0.00643675
-0.00611196
-0.00599313
-0.00591312
-0.00578289
-0.00568514
-0.00563493
-0.00553529
-0.00541222
-0.00529388
-0.00510356
-0.00488278
-0.00469782
-0.00447578
-0.00421214
-0.00399844
-0.00381776
-0.00360224
-0.00337246
-0.00316874
-0.00297846
-0.00278222
-0.00258461
-0.00239222
-0.00220259
-0.00201285
-0.00182252
-0.00163147
-0.00143827
-0.00124243
-0.00104235
-0.000838624
-0.00062893
-0.000415326
-0.000193927
3.10956e-05
0.00026573
0.000503731
0.00075232
0.00100565
0.00126781
0.00153975
0.00181501
0.00210777
0.00239972
0.00271064
0.00303033
0.00335713
0.00371475
0.00407826
0.00450008
0.00497845
0.00371364
0.0025554
-0.00173602
-0.00621937
-0.00823959
-0.00811886
-0.0074708
-0.00690999
-0.00640997
-0.00609072
-0.0059768
-0.00589889
-0.00576975
-0.00567257
-0.00562255
-0.00552338
-0.00540102
-0.00528365
-0.00509475
-0.00487519
-0.00469108
-0.00447036
-0.00420837
-0.00399565
-0.0038153
-0.00360019
-0.00337103
-0.00316776
-0.00297772
-0.00278167
-0.00258425
-0.002392
-0.00220246
-0.00201278
-0.00182248
-0.00163145
-0.00143827
-0.00124243
-0.00104235
-0.000838623
-0.000628929
-0.000415325
-0.000193927
3.10956e-05
0.000265731
0.00050373
0.000752321
0.00100565
0.00126781
0.00153974
0.00181501
0.00210777
0.00239971
0.00271064
0.00303032
0.00335711
0.00371472
0.00407818
0.00449991
0.00497858
0.00342944
0.00240138
-0.00164075
-0.00601268
-0.0080712
-0.00804237
-0.0074403
-0.00688374
-0.00638273
-0.00606855
-0.00595969
-0.00588409
-0.00575615
-0.00565962
-0.00560982
-0.00551114
-0.00538952
-0.00527315
-0.00508569
-0.00486738
-0.00468414
-0.00446475
-0.00420444
-0.00399275
-0.00381274
-0.00359806
-0.00336953
-0.00316673
-0.00297695
-0.00278109
-0.00258386
-0.00239176
-0.00220232
-0.0020127
-0.00182244
-0.00163144
-0.00143826
-0.00124242
-0.00104234
-0.000838621
-0.000628927
-0.000415324
-0.000193925
3.10958e-05
0.000265732
0.000503729
0.000752323
0.00100565
0.00126781
0.00153974
0.00181501
0.00210777
0.00239971
0.00271063
0.00303031
0.00335709
0.00371469
0.0040781
0.00449973
0.0049787
0.00316183
0.00224176
-0.00155394
-0.00580732
-0.00789857
-0.00796185
-0.00740928
-0.00685807
-0.00635513
-0.00604543
-0.00594175
-0.00586868
-0.00574206
-0.00564626
-0.00559673
-0.00549856
-0.00537771
-0.00526238
-0.00507638
-0.00485935
-0.00467699
-0.00445895
-0.00420036
-0.00398974
-0.0038101
-0.00359585
-0.00336796
-0.00316566
-0.00297614
-0.00278048
-0.00258344
-0.0023915
-0.00220216
-0.00201261
-0.0018224
-0.00163141
-0.00143825
-0.00124242
-0.00104234
-0.000838619
-0.000628925
-0.000415323
-0.000193924
3.10962e-05
0.000265733
0.000503729
0.000752324
0.00100564
0.00126781
0.00153974
0.00181501
0.00210777
0.0023997
0.00271063
0.0030303
0.00335707
0.00371465
0.00407802
0.00449955
0.00497882
0.00291012
0.00207757
-0.00147613
-0.00560373
-0.00772197
-0.00787707
-0.00737747
-0.00683299
-0.00632729
-0.00602139
-0.00592295
-0.00585262
-0.00572748
-0.00563249
-0.00558329
-0.00548564
-0.0053656
-0.00525132
-0.00506682
-0.00485109
-0.00466963
-0.00445296
-0.00419614
-0.00398663
-0.00380737
-0.00359356
-0.00336633
-0.00316454
-0.0029753
-0.00277984
-0.00258301
-0.00239123
-0.002202
-0.00201252
-0.00182235
-0.00163139
-0.00143824
-0.00124241
-0.00104233
-0.000838616
-0.000628922
-0.000415321
-0.000193922
3.10968e-05
0.000265734
0.000503728
0.000752325
0.00100564
0.00126781
0.00153974
0.001815
0.00210776
0.0023997
0.00271062
0.00303028
0.00335705
0.00371462
0.00407793
0.00449935
0.00497892
0.00267341
0.00191032
-0.00140792
-0.00540295
-0.00754172
-0.00778757
-0.00734449
-0.00680857
-0.00629938
-0.00599644
-0.00590324
-0.00583589
-0.00571237
-0.00561831
-0.00556946
-0.00547238
-0.00535317
-0.00523998
-0.005057
-0.0048426
-0.00466207
-0.00444677
-0.00419176
-0.00398341
-0.00380456
-0.00359118
-0.00336462
-0.00316337
-0.00297442
-0.00277917
-0.00258256
-0.00239094
-0.00220182
-0.00201241
-0.00182229
-0.00163136
-0.00143822
-0.0012424
-0.00104233
-0.000838612
-0.000628919
-0.000415319
-0.00019392
3.10976e-05
0.000265736
0.000503728
0.000752326
0.00100564
0.00126781
0.00153974
0.001815
0.00210776
0.00239969
0.00271061
0.00303026
0.00335703
0.00371458
0.00407784
0.00449914
0.00497903
0.00245099
0.00174147
-0.00135004
-0.00520595
-0.00735801
-0.0076929
-0.00731003
-0.00678488
-0.00627156
-0.00597062
-0.00588256
-0.00581842
-0.00569671
-0.00560368
-0.00555525
-0.00545876
-0.00534042
-0.00522835
-0.00504691
-0.00483387
-0.00465428
-0.00444039
-0.00418723
-0.00398008
-0.00380165
-0.00358872
-0.00336285
-0.00316216
-0.00297351
-0.00277848
-0.00258208
-0.00239064
-0.00220164
-0.0020123
-0.00182223
-0.00163133
-0.0014382
-0.00124239
-0.00104232
-0.000838606
-0.000628915
-0.000415316
-0.000193917
3.10987e-05
0.000265738
0.000503728
0.000752328
0.00100564
0.00126781
0.00153973
0.001815
0.00210776
0.00239968
0.00271061
0.00303025
0.003357
0.00371453
0.00407774
0.00449892
0.00497912
0.00224207
0.00157231
-0.00130294
-0.00501356
-0.00717122
-0.00759279
-0.00727371
-0.00676189
-0.006244
-0.00594399
-0.00586087
-0.00580018
-0.00568049
-0.0055886
-0.00554065
-0.00544476
-0.00532733
-0.00521641
-0.00503655
-0.00482489
-0.00464626
-0.00443379
-0.00418253
-0.00397664
-0.00379865
-0.00358617
-0.003361
-0.00316089
-0.00297255
-0.00277775
-0.00258157
-0.00239032
-0.00220144
-0.00201218
-0.00182216
-0.00163129
-0.00143818
-0.00124238
-0.00104231
-0.0008386
-0.00062891
-0.000415312
-0.000193914
3.11001e-05
0.00026574
0.000503728
0.00075233
0.00100564
0.00126781
0.00153973
0.001815
0.00210775
0.00239967
0.0027106
0.00303023
0.00335697
0.00371449
0.00407764
0.00449869
0.00497921
0.0020456
0.00140413
-0.00126667
-0.00482674
-0.00698194
-0.00748696
-0.00723509
-0.00673953
-0.00621688
-0.00591664
-0.00583815
-0.0057811
-0.00566366
-0.00557307
-0.00552564
-0.0054304
-0.00531389
-0.00520417
-0.00502591
-0.00481567
-0.00463802
-0.00442698
-0.00417766
-0.00397307
-0.00379555
-0.00358352
-0.00335908
-0.00315957
-0.00297156
-0.002777
-0.00258105
-0.00238998
-0.00220123
-0.00201206
-0.00182209
-0.00163125
-0.00143816
-0.00124236
-0.0010423
-0.000838593
-0.000628905
-0.000415308
-0.000193911
3.11018e-05
0.000265742
0.000503728
0.000752332
0.00100564
0.00126781
0.00153973
0.001815
0.00210775
0.00239967
0.00271059
0.00303021
0.00335694
0.00371443
0.00407753
0.00449845
0.00497929
0.00186051
0.00123818
-0.0012411
-0.00464649
-0.00679081
-0.00737514
-0.00719366
-0.00671772
-0.00619039
-0.0058887
-0.00581436
-0.00576112
-0.00564619
-0.00555705
-0.00551022
-0.00541564
-0.00530011
-0.00519161
-0.00501499
-0.00480619
-0.00462952
-0.00441995
-0.00417262
-0.00396939
-0.00379234
-0.00358078
-0.00335708
-0.00315819
-0.00297053
-0.00277621
-0.00258049
-0.00238963
-0.002201
-0.00201192
-0.00182201
-0.0016312
-0.00143813
-0.00124235
-0.00104229
-0.000838584
-0.000628898
-0.000415304
-0.000193907
3.11038e-05
0.000265745
0.000503728
0.000752333
0.00100563
0.00126782
0.00153973
0.001815
0.00210775
0.00239966
0.00271058
0.00303018
0.00335691
0.00371438
0.00407742
0.00449819
0.00497936
0.00168573
0.00107563
-0.00122595
-0.00447378
-0.00659856
-0.00725718
-0.00714894
-0.00669628
-0.00616468
-0.00586033
-0.00578951
-0.00574018
-0.00562804
-0.00554054
-0.00549438
-0.0054005
-0.00528598
-0.00517873
-0.00500377
-0.00479644
-0.00462079
-0.00441269
-0.0041674
-0.00396557
-0.00378903
-0.00357794
-0.003355
-0.00315676
-0.00296946
-0.00277538
-0.00257991
-0.00238925
-0.00220077
-0.00201177
-0.00182192
-0.00163115
-0.0014381
-0.00124233
-0.00104228
-0.000838574
-0.000628891
-0.000415298
-0.000193903
3.11063e-05
0.000265747
0.000503728
0.000752336
0.00100563
0.00126782
0.00153972
0.001815
0.00210774
0.00239965
0.00271058
0.00303016
0.00335688
0.00371432
0.0040773
0.00449793
0.00497943
0.00152013
0.000917393
-0.00122066
-0.00430945
-0.00640603
-0.00713303
-0.00710038
-0.00667495
-0.00613991
-0.00583172
-0.00576363
-0.00571823
-0.00560917
-0.00552351
-0.00547811
-0.00538495
-0.00527148
-0.00516552
-0.00499226
-0.00478642
-0.00461179
-0.00440519
-0.00416199
-0.00396163
-0.00378561
-0.00357499
-0.00335283
-0.00315526
-0.00296834
-0.00277452
-0.0025793
-0.00238885
-0.00220051
-0.00201161
-0.00182182
-0.0016311
-0.00143807
-0.0012423
-0.00104226
-0.000838563
-0.000628882
-0.000415292
-0.000193898
3.11091e-05
0.000265751
0.000503728
0.000752338
0.00100563
0.00126782
0.00153972
0.00181499
0.00210774
0.00239963
0.00271057
0.00303013
0.00335684
0.00371425
0.00407717
0.00449766
0.00497948
0.00136256
0.000764247
-0.00122449
-0.00415427
-0.00621414
-0.00700279
-0.00704744
-0.00665341
-0.00611617
-0.00580308
-0.00573674
-0.00569518
-0.0055895
-0.00550596
-0.00546141
-0.00536901
-0.0052566
-0.00515198
-0.00498044
-0.00477613
-0.00460253
-0.00439746
-0.0041564
-0.00395755
-0.00378208
-0.00357194
-0.00335057
-0.0031537
-0.00296717
-0.00277361
-0.00257866
-0.00238843
-0.00220024
-0.00201144
-0.00182172
-0.00163103
-0.00143803
-0.00124228
-0.00104224
-0.00083855
-0.000628872
-0.000415285
-0.000193892
3.11123e-05
0.000265754
0.000503729
0.00075234
0.00100563
0.00126782
0.00153972
0.00181499
0.00210773
0.00239962
0.00271056
0.0030301
0.0033568
0.00371418
0.00407704
0.00449738
0.00497953
0.00121195
0.000616859
-0.00123657
-0.0040089
-0.00602389
-0.0068667
-0.00698961
-0.00663127
-0.00609353
-0.00577464
-0.00570895
-0.005671
-0.00556898
-0.00548783
-0.00544426
-0.00535265
-0.00524135
-0.00513809
-0.00496831
-0.00476555
-0.004593
-0.00438947
-0.00415061
-0.00395332
-0.00377843
-0.00356878
-0.00334823
-0.00315208
-0.00296595
-0.00277267
-0.00257799
-0.00238799
-0.00219996
-0.00201125
-0.0018216
-0.00163096
-0.00143798
-0.00124225
-0.00104222
-0.000838535
-0.000628861
-0.000415277
-0.000193886
3.1116e-05
0.000265758
0.000503729
0.000752343
0.00100563
0.00126782
0.00153971
0.00181499
0.00210773
0.00239961
0.00271055
0.00303007
0.00335676
0.00371411
0.00407691
0.00449708
0.00497957
0.00106732
0.000475711
-0.00125589
-0.00387375
-0.00583628
-0.00672522
-0.00692638
-0.00660804
-0.00607198
-0.00574667
-0.00568036
-0.00564563
-0.00554753
-0.00546911
-0.00542666
-0.00533588
-0.00522572
-0.00512386
-0.00495587
-0.00475469
-0.0045832
-0.00438123
-0.00414461
-0.00394895
-0.00377465
-0.0035655
-0.00334578
-0.00315038
-0.00296468
-0.00277169
-0.00257729
-0.00238753
-0.00219965
-0.00201106
-0.00182148
-0.00163089
-0.00143794
-0.00124222
-0.0010422
-0.000838519
-0.000628849
-0.000415268
-0.000193879
3.11203e-05
0.000265762
0.00050373
0.000752345
0.00100563
0.00126782
0.00153971
0.00181498
0.00210773
0.00239959
0.00271053
0.00303003
0.00335671
0.00371402
0.00407676
0.00449678
0.00497959
0.000927658
0.000341091
-0.00128136
-0.00374904
-0.00565235
-0.006579
-0.00685733
-0.00658316
-0.00605142
-0.00571938
-0.00565114
-0.00561906
-0.00552507
-0.00544975
-0.00540861
-0.00531869
-0.00520969
-0.00510926
-0.0049431
-0.00474352
-0.00457311
-0.00437273
-0.00413841
-0.00394443
-0.00377074
-0.0035621
-0.00334324
-0.00314861
-0.00296336
-0.00277066
-0.00257655
-0.00238703
-0.00219933
-0.00201085
-0.00182135
-0.00163081
-0.00143788
-0.00124218
-0.00104217
-0.0008385
-0.000628836
-0.000415258
-0.000193872
3.1125e-05
0.000265766
0.000503732
0.000752348
0.00100562
0.00126782
0.00153971
0.00181498
0.00210772
0.00239958
0.00271052
0.00303
0.00335666
0.00371394
0.00407661
0.00449647
0.00497961
0.000791942
0.000213022
-0.00131189
-0.00363479
-0.00547309
-0.00642888
-0.00678208
-0.00655603
-0.00603171
-0.00569301
-0.00562149
-0.00559128
-0.00550151
-0.00542969
-0.00539008
-0.00530108
-0.00519326
-0.00509431
-0.00493
-0.00473205
-0.00456272
-0.00436396
-0.004132
-0.00393975
-0.00376671
-0.00355858
-0.00334059
-0.00314677
-0.00296197
-0.00276959
-0.00257577
-0.00238651
-0.00219899
-0.00201062
-0.0018212
-0.00163072
-0.00143782
-0.00124214
-0.00104214
-0.00083848
-0.000628821
-0.000415247
-0.000193863
3.11304e-05
0.000265771
0.000503733
0.000752351
0.00100562
0.00126782
0.0015397
0.00181497
0.00210772
0.00239956
0.00271051
0.00302996
0.00335661
0.00371384
0.00407646
0.00449615
0.00497962
0.000659366
9.13456e-05
-0.00134648
-0.00353081
-0.0052994
-0.00627583
-0.0067004
-0.00652601
-0.00601258
-0.00566774
-0.00559164
-0.00556234
-0.00547677
-0.00540887
-0.00537106
-0.00528305
-0.00517644
-0.00507898
-0.00491657
-0.00472027
-0.00455204
-0.00435491
-0.00412536
-0.00393491
-0.00376253
-0.00355493
-0.00333784
-0.00314485
-0.00296053
-0.00276846
-0.00257495
-0.00238596
-0.00219862
-0.00201038
-0.00182105
-0.00163062
-0.00143776
-0.00124209
-0.00104211
-0.000838457
-0.000628804
-0.000415235
-0.000193854
3.11364e-05
0.000265776
0.000503735
0.000752355
0.00100562
0.00126782
0.0015397
0.00181497
0.00210771
0.00239954
0.0027105
0.00302991
0.00335655
0.00371374
0.0040763
0.00449582
0.00497961
0.000529426
-2.41915e-05
-0.00138414
-0.00343676
-0.00513212
-0.00612091
-0.00661218
-0.00649246
-0.0059937
-0.0056437
-0.00556188
-0.00553232
-0.00545077
-0.0053872
-0.00535154
-0.00526461
-0.00515921
-0.00506328
-0.00490279
-0.00470817
-0.00454105
-0.00434557
-0.00411849
-0.0039299
-0.00375822
-0.00355115
-0.00333498
-0.00314284
-0.00295903
-0.00276729
-0.0025741
-0.00238538
-0.00219824
-0.00201013
-0.00182088
-0.00163051
-0.00143769
-0.00124204
-0.00104208
-0.000838432
-0.000628785
-0.000415221
-0.000193844
3.11431e-05
0.000265782
0.000503737
0.000752358
0.00100562
0.00126783
0.00153969
0.00181496
0.00210771
0.00239952
0.00271048
0.00302987
0.00335649
0.00371364
0.00407613
0.00449548
0.0049796
0.000401846
-0.000133925
-0.00142391
-0.00335216
-0.00497197
-0.00596518
-0.00651749
-0.00645478
-0.00597464
-0.00562093
-0.00553249
-0.00550136
-0.00542345
-0.00536459
-0.00533146
-0.00524575
-0.00514158
-0.00504719
-0.00488867
-0.00469575
-0.00452974
-0.00433594
-0.00411139
-0.00392472
-0.00375375
-0.00354723
-0.003332
-0.00314075
-0.00295746
-0.00276606
-0.0025732
-0.00238477
-0.00219783
-0.00200985
-0.0018207
-0.00163039
-0.00143761
-0.00124199
-0.00104204
-0.000838404
-0.000628765
-0.000415206
-0.000193833
3.11506e-05
0.000265788
0.000503739
0.000752362
0.00100562
0.00126783
0.00153969
0.00181496
0.0021077
0.0023995
0.00271047
0.00302982
0.00335643
0.00371352
0.00407595
0.00449513
0.00497957
0.00027654
-0.000238306
-0.00146502
-0.00327645
-0.0048195
-0.00580971
-0.00641664
-0.00641243
-0.00595488
-0.0055994
-0.00550375
-0.00546963
-0.00539477
-0.00534093
-0.0053108
-0.00522648
-0.00512355
-0.00503071
-0.00487419
-0.00468299
-0.00451811
-0.00432601
-0.00410405
-0.00391935
-0.00374914
-0.00354317
-0.0033289
-0.00313857
-0.00295583
-0.00276478
-0.00257226
-0.00238413
-0.00219739
-0.00200956
-0.0018205
-0.00163026
-0.00143752
-0.00124193
-0.001042
-0.000838373
-0.000628743
-0.000415189
-0.000193821
3.11588e-05
0.000265794
0.000503742
0.000752365
0.00100562
0.00126783
0.00153969
0.00181495
0.00210769
0.00239947
0.00271045
0.00302976
0.00335636
0.0037134
0.00407577
0.00449477
0.00497953
0.000153608
-0.000337808
-0.00150685
-0.00320903
-0.00467508
-0.00565551
-0.00631009
-0.00636495
-0.00593386
-0.00557899
-0.00547593
-0.00543736
-0.00536473
-0.00531611
-0.00528948
-0.0052068
-0.00510513
-0.00501385
-0.00485935
-0.0046699
-0.00450615
-0.00431577
-0.00409645
-0.0039138
-0.00374437
-0.00353896
-0.00332567
-0.0031363
-0.00295412
-0.00276344
-0.00257127
-0.00238345
-0.00219693
-0.00200924
-0.00182029
-0.00163012
-0.00143743
-0.00124187
-0.00104195
-0.000838339
-0.000628718
-0.000415171
-0.000193807
3.11679e-05
0.000265802
0.000503745
0.000752369
0.00100562
0.00126783
0.00153968
0.00181494
0.00210769
0.00239944
0.00271043
0.00302971
0.00335629
0.00371327
0.00407558
0.00449441
0.00497948
3.32e-05
-0.000432836
-0.00154888
-0.00314924
-0.00453888
-0.00550352
-0.00619853
-0.00631199
-0.00591095
-0.00555945
-0.00544925
-0.00540484
-0.00533337
-0.00529001
-0.00526742
-0.00518668
-0.00508633
-0.00499659
-0.00484414
-0.00465646
-0.00449385
-0.00430521
-0.0040886
-0.00390805
-0.00373944
-0.0035346
-0.00332232
-0.00313392
-0.00295234
-0.00276204
-0.00257023
-0.00238273
-0.00219644
-0.00200891
-0.00182007
-0.00162998
-0.00143733
-0.00124179
-0.0010419
-0.000838302
-0.000628691
-0.000415151
-0.000193793
3.11779e-05
0.000265809
0.000503749
0.000752373
0.00100561
0.00126783
0.00153968
0.00181494
0.00210768
0.00239942
0.00271041
0.00302964
0.00335621
0.00371314
0.00407538
0.00449403
0.00497941
-8.46599e-05
-0.000523794
-0.0015907
-0.00309646
-0.00441089
-0.00535457
-0.00608278
-0.00625328
-0.00588555
-0.00554045
-0.00542387
-0.00537239
-0.0053008
-0.00526253
-0.00524451
-0.00516612
-0.00506716
-0.00497895
-0.00482855
-0.00464267
-0.0044812
-0.00429433
-0.00408047
-0.00390211
-0.00373434
-0.00353009
-0.00331883
-0.00313145
-0.00295048
-0.00276058
-0.00256914
-0.00238197
-0.00219593
-0.00200855
-0.00181983
-0.00162981
-0.00143722
-0.00124172
-0.00104184
-0.000838261
-0.000628662
-0.000415129
-0.000193777
3.11889e-05
0.000265818
0.000503753
0.000752378
0.00100561
0.00126783
0.00153967
0.00181493
0.00210768
0.00239939
0.00271039
0.00302958
0.00335613
0.00371299
0.00407518
0.00449366
0.00497933
-0.000199957
-0.000611022
-0.00163195
-0.00305011
-0.00429096
-0.00520937
-0.00596378
-0.00618876
-0.00585707
-0.00552159
-0.00539987
-0.00534035
-0.00526717
-0.00523359
-0.00522064
-0.00514507
-0.00504763
-0.00496093
-0.00481259
-0.00462852
-0.0044682
-0.00428311
-0.00407208
-0.00389595
-0.00372907
-0.00352542
-0.00331521
-0.00312887
-0.00294854
-0.00275905
-0.002568
-0.00238117
-0.00219538
-0.00200817
-0.00181957
-0.00162964
-0.0014371
-0.00124163
-0.00104178
-0.000838217
-0.00062863
-0.000415105
-0.00019376
3.1201e-05
0.000265827
0.000503758
0.000752382
0.00100561
0.00126783
0.00153967
0.00181492
0.00210767
0.00239935
0.00271037
0.00302951
0.00335605
0.00371284
0.00407497
0.00449327
0.00497924
-0.00031273
-0.000694872
-0.00167231
-0.00300962
-0.00417891
-0.00506855
-0.00584258
-0.00611851
-0.00582497
-0.00550235
-0.00537722
-0.00530904
-0.00523271
-0.00520316
-0.00519565
-0.00512348
-0.00502776
-0.00494255
-0.00479624
-0.004614
-0.00445484
-0.00427155
-0.00406339
-0.00388958
-0.00372363
-0.00352058
-0.00331143
-0.00312618
-0.00294652
-0.00275745
-0.0025668
-0.00238033
-0.0021948
-0.00200777
-0.00181929
-0.00162945
-0.00143697
-0.00124154
-0.00104172
-0.000838169
-0.000628595
-0.000415079
-0.000193741
3.12142e-05
0.000265836
0.000503763
0.000752387
0.00100561
0.00126783
0.00153967
0.00181491
0.00210766
0.00239932
0.00271035
0.00302943
0.00335596
0.00371268
0.00407475
0.00449288
0.00497913
-0.00042307
-0.000775855
-0.00171148
-0.00297444
-0.00407446
-0.00493262
-0.00572015
-0.00604281
-0.00578876
-0.0054822
-0.00535577
-0.00527873
-0.00519771
-0.00517123
-0.0051694
-0.00510128
-0.00500756
-0.00492382
-0.00477952
-0.0045991
-0.00444111
-0.00425964
-0.00405441
-0.00388299
-0.003718
-0.00351558
-0.00330751
-0.00312337
-0.00294441
-0.00275578
-0.00256555
-0.00237945
-0.00219418
-0.00200734
-0.001819
-0.00162925
-0.00143683
-0.00124144
-0.00104165
-0.000838116
-0.000628557
-0.000415051
-0.000193721
3.12286e-05
0.000265847
0.000503769
0.000752392
0.00100561
0.00126783
0.00153966
0.0018149
0.00210766
0.00239928
0.00271033
0.00302935
0.00335586
0.00371251
0.00407452
0.00449249
0.00497902
-0.000530733
-0.000854579
-0.00174928
-0.00294401
-0.00397735
-0.00480191
-0.00559744
-0.00596207
-0.00574809
-0.00546056
-0.00533527
-0.00524966
-0.00516251
-0.00513788
-0.00514175
-0.00507833
-0.00498701
-0.00490477
-0.00476243
-0.00458383
-0.004427
-0.00424737
-0.00404513
-0.00387617
-0.00371219
-0.0035104
-0.00330344
-0.00312044
-0.0029422
-0.00275404
-0.00256423
-0.00237851
-0.00219353
-0.00200688
-0.00181868
-0.00162903
-0.00143668
-0.00124133
-0.00104157
-0.00083806
-0.000628516
-0.00041502
-0.000193699
3.12444e-05
0.000265858
0.000503776
0.000752398
0.00100561
0.00126783
0.00153966
0.00181488
0.00210765
0.00239924
0.0027103
0.00302926
0.00335576
0.00371233
0.00407428
0.00449209
0.00497888
-0.000634936
-0.000931595
-0.00178561
-0.00291773
-0.00388726
-0.00467668
-0.00547532
-0.00587688
-0.00570269
-0.00543686
-0.00531535
-0.00522194
-0.00512748
-0.00510325
-0.00511255
-0.00505451
-0.00496611
-0.00488543
-0.00474498
-0.00456816
-0.0044125
-0.00423472
-0.00403553
-0.00386912
-0.00370619
-0.00350504
-0.0032992
-0.00311738
-0.0029399
-0.00275221
-0.00256285
-0.00237753
-0.00219284
-0.00200639
-0.00181834
-0.00162879
-0.00143651
-0.00124121
-0.00104148
-0.000837998
-0.000628471
-0.000414987
-0.000193675
3.12615e-05
0.00026587
0.000503783
0.000752403
0.00100561
0.00126783
0.00153965
0.00181487
0.00210764
0.0023992
0.00271027
0.00302917
0.00335565
0.00371214
0.00407404
0.00449168
0.00497874
-0.000734511
-0.00100729
-0.00182051
-0.00289498
-0.0038039
-0.00455708
-0.00535453
-0.00578793
-0.00565241
-0.00541057
-0.0052956
-0.00519562
-0.00509299
-0.00506758
-0.00508173
-0.00502964
-0.0049448
-0.00486584
-0.00472718
-0.0045521
-0.0043976
-0.00422169
-0.00402561
-0.00386182
-0.0037
-0.0034995
-0.00329479
-0.00311419
-0.0029375
-0.00275031
-0.0025614
-0.00237649
-0.00219211
-0.00200588
-0.00181797
-0.00162854
-0.00143634
-0.00124109
-0.00104139
-0.000837931
-0.000628423
-0.000414951
-0.00019365
3.12801e-05
0.000265883
0.000503791
0.000752409
0.00100561
0.00126783
0.00153965
0.00181485
0.00210763
0.00239916
0.00271024
0.00302908
0.00335554
0.00371194
0.00407378
0.00449127
0.00497858
-0.000828192
-0.00108188
-0.00185425
-0.00287523
-0.00372692
-0.00444314
-0.0052357
-0.00569597
-0.00559728
-0.00538124
-0.00527556
-0.00517063
-0.00505936
-0.00503116
-0.00504926
-0.00500353
-0.00492301
-0.00484604
-0.00470909
-0.00453565
-0.00438229
-0.00420827
-0.00401534
-0.00385426
-0.0036936
-0.00349377
-0.00329022
-0.00311086
-0.00293499
-0.00274832
-0.00255988
-0.0023754
-0.00219133
-0.00200533
-0.00181759
-0.00162827
-0.00143615
-0.00124095
-0.00104129
-0.000837858
-0.00062837
-0.000414912
-0.000193622
3.13003e-05
0.000265897
0.0005038
0.000752415
0.00100561
0.00126783
0.00153965
0.00181484
0.00210762
0.00239911
0.00271021
0.00302897
0.00335542
0.00371174
0.00407352
0.00449086
0.0049784
-0.00091488
-0.00115531
-0.00188725
-0.00285801
-0.00365586
-0.00433483
-0.00511932
-0.00560181
-0.00553748
-0.00534849
-0.00525475
-0.00514678
-0.00502683
-0.00499436
-0.0050152
-0.00497598
-0.00490062
-0.00482604
-0.00469073
-0.00451881
-0.00436656
-0.00419443
-0.00400473
-0.00384644
-0.00368701
-0.00348786
-0.00328546
-0.00310739
-0.00293238
-0.00274625
-0.00255829
-0.00237424
-0.00219052
-0.00200474
-0.00181717
-0.00162798
-0.00143594
-0.0012408
-0.00104119
-0.00083778
-0.000628314
-0.00041487
-0.000193592
3.13221e-05
0.000265912
0.000503809
0.000752421
0.00100562
0.00126783
0.00153964
0.00181482
0.00210762
0.00239906
0.00271018
0.00302886
0.0033553
0.00371152
0.00407325
0.00449045
0.00497821
-0.000993745
-0.00122722
-0.00191996
-0.00284296
-0.00359024
-0.00423209
-0.00500586
-0.00550625
-0.00547329
-0.005312
-0.00523268
-0.00512377
-0.00499557
-0.00495759
-0.00497969
-0.00494678
-0.00487746
-0.00480586
-0.00467216
-0.0045016
-0.0043504
-0.00418018
-0.00399375
-0.00383836
-0.0036802
-0.00348174
-0.00328051
-0.00310376
-0.00292965
-0.00274409
-0.00255662
-0.00237303
-0.00218965
-0.00200412
-0.00181673
-0.00162767
-0.00143572
-0.00124064
-0.00104107
-0.000837695
-0.000628253
-0.000414824
-0.00019356
3.13458e-05
0.000265928
0.00050382
0.000752428
0.00100562
0.00126782
0.00153964
0.0018148
0.00210761
0.002399
0.00271015
0.00302875
0.00335517
0.0037113
0.00407297
0.00449004
0.00497801
-0.00106429
-0.00129693
-0.00195284
-0.00283002
-0.00352955
-0.00413473
-0.00489564
-0.00541007
-0.00540514
-0.00527151
-0.00520893
-0.00510124
-0.00496559
-0.00492126
-0.00494297
-0.00491579
-0.00485333
-0.00478548
-0.00465345
-0.00448405
-0.00433379
-0.00416549
-0.0039824
-0.00382999
-0.00367319
-0.00347543
-0.00327538
-0.00309998
-0.00292681
-0.00274183
-0.00255487
-0.00237176
-0.00218874
-0.00200347
-0.00181626
-0.00162733
-0.00143548
-0.00124047
-0.00104095
-0.000837604
-0.000628187
-0.000414775
-0.000193525
3.13714e-05
0.000265945
0.000503832
0.000752435
0.00100562
0.00126782
0.00153964
0.00181478
0.0021076
0.00239894
0.00271011
0.00302863
0.00335503
0.00371106
0.00407267
0.00448962
0.00497779
-0.00112647
-0.00136359
-0.00198616
-0.00281933
-0.00347332
-0.00404251
-0.00478891
-0.005314
-0.00533355
-0.00522689
-0.00518309
-0.00507878
-0.00493682
-0.00488574
-0.00490538
-0.00488295
-0.00482798
-0.00476482
-0.00463468
-0.00446619
-0.00431674
-0.00415034
-0.00397065
-0.00382134
-0.00366597
-0.00346892
-0.00327004
-0.00309603
-0.00292384
-0.00273947
-0.00255304
-0.00237041
-0.00218777
-0.00200277
-0.00181576
-0.00162697
-0.00143523
-0.00124029
-0.00104081
-0.000837506
-0.000628116
-0.000414722
-0.000193488
3.13991e-05
0.000265964
0.000503844
0.000752442
0.00100562
0.00126782
0.00153963
0.00181476
0.00210759
0.00239888
0.00271007
0.0030285
0.00335488
0.00371082
0.00407237
0.0044892
0.00497756
-0.00118073
-0.00142629
-0.00201986
-0.00281119
-0.00342125
-0.00395511
-0.00468583
-0.00521871
-0.00525909
-0.00517803
-0.00515482
-0.00505603
-0.00490908
-0.00485129
-0.00486736
-0.00484826
-0.00480112
-0.00474379
-0.00461591
-0.00444809
-0.00429923
-0.00413471
-0.00395849
-0.00381238
-0.00365853
-0.00346221
-0.0032645
-0.00309191
-0.00292075
-0.00273701
-0.00255112
-0.002369
-0.00218676
-0.00200203
-0.00181522
-0.00162659
-0.00143495
-0.00124009
-0.00104067
-0.0008374
-0.000628039
-0.000414665
-0.000193447
3.14289e-05
0.000265983
0.000503858
0.00075245
0.00100563
0.00126781
0.00153963
0.00181474
0.00210758
0.00239882
0.00271003
0.00302837
0.00335473
0.00371057
0.00407206
0.00448878
0.00497732
-0.00122815
-0.00148419
-0.00205345
-0.00280594
-0.00337322
-0.00387214
-0.00458639
-0.00512475
-0.00518243
-0.00512502
-0.0051238
-0.00503265
-0.0048821
-0.00481803
-0.00482938
-0.00481189
-0.00477249
-0.0047222
-0.0045972
-0.00442983
-0.00428127
-0.00411858
-0.00394589
-0.00380312
-0.00365088
-0.00345529
-0.00325874
-0.00308762
-0.00291752
-0.00273445
-0.00254912
-0.00236752
-0.00218568
-0.00200125
-0.00181466
-0.00162619
-0.00143466
-0.00123988
-0.00104051
-0.000837286
-0.000627957
-0.000414604
-0.000193404
3.1461e-05
0.000266004
0.000503874
0.000752458
0.00100563
0.00126781
0.00153963
0.00181471
0.00210757
0.00239875
0.00270999
0.00302822
0.00335457
0.00371031
0.00407174
0.00448836
0.00497706
-0.00127064
-0.00153685
-0.00208597
-0.00280371
-0.00332936
-0.00379321
-0.00449048
-0.00503259
-0.00510434
-0.00506803
-0.00508976
-0.00500837
-0.00485551
-0.00478594
-0.00479195
-0.00477408
-0.00474182
-0.0046998
-0.00457858
-0.00441151
-0.0042629
-0.00410191
-0.00393283
-0.00379354
-0.00364302
-0.00344816
-0.00325277
-0.00308313
-0.00291416
-0.00273177
-0.00254702
-0.00236595
-0.00218455
-0.00200042
-0.00181405
-0.00162575
-0.00143435
-0.00123965
-0.00104035
-0.000837164
-0.000627869
-0.000414538
-0.000193358
3.14956e-05
0.000266027
0.00050389
0.000752467
0.00100564
0.00126781
0.00153963
0.00181468
0.00210756
0.00239868
0.00270994
0.00302808
0.0033544
0.00371004
0.0040714
0.00448794
0.00497679
-0.00131075
-0.00158454
-0.00211632
-0.00280425
-0.00329002
-0.00371806
-0.00439789
-0.00494256
-0.00502555
-0.00500736
-0.00505244
-0.00498296
-0.00482899
-0.00475488
-0.0047555
-0.00473526
-0.00470897
-0.00467629
-0.00456003
-0.00439326
-0.00424415
-0.00408468
-0.00391927
-0.00378363
-0.00363494
-0.00344083
-0.00324657
-0.00307845
-0.00291065
-0.00272899
-0.00254482
-0.00236431
-0.00218335
-0.00199954
-0.00181341
-0.00162529
-0.00143401
-0.00123941
-0.00104017
-0.000837033
-0.000627774
-0.000414467
-0.000193308
3.15328e-05
0.000266051
0.000503908
0.000752475
0.00100564
0.0012678
0.00153962
0.00181465
0.00210755
0.0023986
0.00270989
0.00302792
0.00335422
0.00370977
0.00407106
0.00448752
0.00497651
-0.00135116
-0.00162829
-0.00214358
-0.00280681
-0.00325562
-0.00364664
-0.00430835
-0.00485487
-0.00494678
-0.00494343
-0.0050116
-0.00495619
-0.00480224
-0.00472455
-0.00472032
-0.00469595
-0.00467388
-0.00465131
-0.00454146
-0.00437521
-0.0042251
-0.00406686
-0.00390518
-0.00377336
-0.00362664
-0.00343329
-0.00324013
-0.00307356
-0.00290699
-0.00272609
-0.00254252
-0.00236258
-0.00218209
-0.00199862
-0.00181273
-0.00162479
-0.00143366
-0.00123914
-0.00103998
-0.000836892
-0.000627672
-0.000414391
-0.000193254
3.15728e-05
0.000266077
0.000503927
0.000752485
0.00100565
0.0012678
0.00153962
0.00181462
0.00210754
0.00239852
0.00270984
0.00302776
0.00335403
0.00370948
0.0040707
0.0044871
0.00497621
-0.0013938
-0.0016698
-0.00216735
-0.00281017
-0.00322636
-0.00357911
-0.00422156
-0.00476961
-0.00486865
-0.00487678
-0.00496708
-0.00492783
-0.00477509
-0.00469464
-0.00468652
-0.00465673
-0.00463669
-0.00462446
-0.0045227
-0.00435749
-0.00420585
-0.00404844
-0.0038905
-0.00376273
-0.00361814
-0.00342556
-0.00323346
-0.00306846
-0.00290318
-0.00272307
-0.00254012
-0.00236077
-0.00218075
-0.00199764
-0.00181201
-0.00162427
-0.00143328
-0.00123887
-0.00103978
-0.000836742
-0.000627563
-0.00041431
-0.000193197
3.16157e-05
0.000266105
0.000503948
0.000752494
0.00100566
0.00126779
0.00153962
0.00181459
0.00210753
0.00239843
0.00270979
0.00302759
0.00335383
0.00370919
0.00407033
0.00448668
0.0049759
-0.0014387
-0.001711
-0.00218807
-0.00281286
-0.00320208
-0.00351582
-0.00413732
-0.00468674
-0.00479166
-0.00480805
-0.00491883
-0.00489764
-0.00474744
-0.00466474
-0.00465403
-0.00461824
-0.00459767
-0.00459535
-0.00450348
-0.00434022
-0.00418654
-0.00402942
-0.00387518
-0.0037517
-0.00360944
-0.00341763
-0.00322654
-0.00306314
-0.00289921
-0.00271993
-0.00253762
-0.00235887
-0.00217935
-0.0019966
-0.00181125
-0.00162371
-0.00143287
-0.00123857
-0.00103956
-0.000836581
-0.000627447
-0.000414223
-0.000193136
3.16617e-05
0.000266134
0.000503971
0.000752505
0.00100567
0.00126778
0.00153962
0.00181455
0.00210751
0.00239834
0.00270973
0.00302742
0.00335363
0.00370889
0.00406995
0.00448626
0.00497558
-0.00148375
-0.00175348
-0.00220712
-0.00281356
-0.00318204
-0.00345725
-0.00405557
-0.00460618
-0.00471614
-0.00473795
-0.00486695
-0.0048653
-0.00471926
-0.00463452
-0.00462257
-0.00458103
-0.00455729
-0.0045637
-0.00448344
-0.00432344
-0.00416736
-0.00400981
-0.00385916
-0.00374024
-0.00360054
-0.00340951
-0.00321937
-0.00305758
-0.00289507
-0.00271666
-0.002535
-0.00235687
-0.00217788
-0.00199551
-0.00181044
-0.00162311
-0.00143243
-0.00123825
-0.00103932
-0.000836408
-0.000627322
-0.00041413
-0.00019307
3.17109e-05
0.000266166
0.000503995
0.000752516
0.00100567
0.00126777
0.00153962
0.00181452
0.0021075
0.00239825
0.00270966
0.00302724
0.00335341
0.00370859
0.00406956
0.00448585
0.00497525
-0.00152501
-0.0017975
-0.00222663
-0.00281167
-0.00316497
-0.00340371
-0.00397646
-0.00452778
-0.00464226
-0.00466715
-0.00481172
-0.00483047
-0.00469052
-0.00460375
-0.00459173
-0.00454549
-0.00451618
-0.00452935
-0.00446213
-0.00430714
-0.00414851
-0.00398969
-0.00384237
-0.0037283
-0.00359144
-0.00340122
-0.00321195
-0.00305178
-0.00289076
-0.00271327
-0.00253226
-0.00235477
-0.00217632
-0.00199436
-0.00180958
-0.00162248
-0.00143197
-0.00123791
-0.00103907
-0.000836224
-0.000627188
-0.00041403
-0.000193
3.17637e-05
0.000266199
0.000504021
0.000752527
0.00100568
0.00126777
0.00153962
0.00181448
0.00210749
0.00239815
0.00270959
0.00302705
0.00335318
0.00370828
0.00406916
0.00448543
0.00497491
-0.00155827
-0.00184132
-0.00224896
-0.00280772
-0.00314928
-0.00335512
-0.00390025
-0.00445153
-0.00457008
-0.0045962
-0.00475361
-0.00479286
-0.00466111
-0.00457238
-0.00456104
-0.00451174
-0.00447508
-0.00449233
-0.00443904
-0.0042912
-0.00413022
-0.00396915
-0.00382474
-0.00371583
-0.00358215
-0.00339278
-0.00320427
-0.00304572
-0.00288627
-0.00270974
-0.00252941
-0.00235257
-0.00217469
-0.00199314
-0.00180868
-0.00162181
-0.00143148
-0.00123755
-0.00103881
-0.000836027
-0.000627045
-0.000413924
-0.000192925
3.18201e-05
0.000266235
0.000504049
0.000752539
0.0010057
0.00126776
0.00153962
0.00181444
0.00210747
0.00239805
0.00270952
0.00302686
0.00335294
0.00370796
0.00406875
0.00448501
0.00497456
-0.00158111
-0.00188153
-0.00227581
-0.00280354
-0.00313345
-0.00331086
-0.00382728
-0.00437759
-0.00449964
-0.00452545
-0.00469321
-0.0047523
-0.00463083
-0.00454052
-0.00453001
-0.00447966
-0.00443477
-0.00445291
-0.00441363
-0.00427536
-0.00411272
-0.00394835
-0.00380621
-0.00370274
-0.00357266
-0.00338419
-0.00319634
-0.00303939
-0.00288159
-0.00270608
-0.00252644
-0.00235026
-0.00217297
-0.00199186
-0.00180772
-0.0016211
-0.00143096
-0.00123716
-0.00103852
-0.000835817
-0.000626893
-0.00041381
-0.000192845
3.18803e-05
0.000266274
0.000504079
0.000752552
0.00100571
0.00126775
0.00153962
0.00181439
0.00210745
0.00239795
0.00270944
0.00302666
0.00335269
0.00370764
0.00406832
0.00448459
0.0049742
-0.00159455
-0.00191385
-0.00230717
-0.0028019
-0.00311674
-0.00326973
-0.00375766
-0.00430626
-0.00443106
-0.00445501
-0.00463118
-0.00470878
-0.00459933
-0.00450831
-0.00449825
-0.00444887
-0.00439596
-0.00441161
-0.00438541
-0.00425924
-0.0040962
-0.00392751
-0.00378674
-0.00368893
-0.00356297
-0.00337549
-0.00318815
-0.00303277
-0.0028767
-0.00270227
-0.00252335
-0.00234785
-0.00217116
-0.00199051
-0.00180671
-0.00162035
-0.0014304
-0.00123675
-0.00103822
-0.000835593
-0.00062673
-0.000413689
-0.00019276
3.19447e-05
0.000266315
0.000504111
0.000752565
0.00100572
0.00126774
0.00153962
0.00181435
0.00210744
0.00239784
0.00270936
0.00302645
0.00335243
0.00370731
0.00406789
0.00448417
0.00497384
-0.00160344
-0.00193432
-0.00234042
-0.0028058
-0.00309976
-0.00323015
-0.0036911
-0.00423798
-0.00436464
-0.0043848
-0.00456808
-0.00466257
-0.0045662
-0.00447593
-0.00446558
-0.00441879
-0.00435919
-0.00436914
-0.00435404
-0.0042423
-0.00408078
-0.0039069
-0.00376633
-0.0036743
-0.00355305
-0.00336671
-0.00317972
-0.00302587
-0.00287162
-0.00269833
-0.00252013
-0.00234532
-0.00216926
-0.00198909
-0.00180564
-0.00161955
-0.00142981
-0.00123632
-0.0010379
-0.000835355
-0.000626556
-0.00041356
-0.000192669
3.20133e-05
0.000266358
0.000504146
0.00075258
0.00100574
0.00126773
0.00153962
0.0018143
0.00210742
0.00239772
0.00270927
0.00302624
0.00335215
0.00370698
0.00406744
0.00448375
0.00497346
-0.00161544
-0.00194124
-0.00237075
-0.00281738
-0.00308475
-0.00319064
-0.00362668
-0.00417314
-0.00430096
-0.00431468
-0.00450424
-0.00461419
-0.00453101
-0.00444339
-0.00443207
-0.00438879
-0.00432465
-0.00432641
-0.00431941
-0.00422392
-0.00406644
-0.00388686
-0.00374503
-0.00365873
-0.00354285
-0.00335788
-0.00317105
-0.00301865
-0.00286631
-0.00269424
-0.00251678
-0.00234267
-0.00216727
-0.0019876
-0.00180451
-0.00161871
-0.00142919
-0.00123585
-0.00103756
-0.000835101
-0.000626372
-0.000413422
-0.000192572
3.20864e-05
0.000266405
0.000504183
0.000752595
0.00100575
0.00126771
0.00153962
0.00181425
0.0021074
0.00239761
0.00270917
0.00302602
0.00335187
0.00370664
0.00406699
0.00448332
0.00497308
-0.00163871
-0.00193675
-0.00239239
-0.00283658
-0.00307511
-0.00315054
-0.00356285
-0.00411178
-0.00424092
-0.00424464
-0.00443966
-0.00456434
-0.00449348
-0.00441048
-0.00439801
-0.00435823
-0.0042922
-0.00428437
-0.0042817
-0.0042034
-0.00405303
-0.00386775
-0.00372295
-0.00364206
-0.00353233
-0.00334904
-0.00316218
-0.00301112
-0.00286077
-0.00269001
-0.0025133
-0.0023399
-0.00216518
-0.00198603
-0.00180333
-0.00161781
-0.00142853
-0.00123536
-0.0010372
-0.000834831
-0.000626175
-0.000413276
-0.000192469
3.21642e-05
0.000266454
0.000504222
0.000752611
0.00100577
0.0012677
0.00153963
0.00181419
0.00210737
0.00239749
0.00270907
0.0030258
0.00335157
0.0037063
0.00406652
0.0044829
0.00497269
-0.00167813
-0.00192643
-0.00240008
-0.0028602
-0.00307455
-0.00311067
-0.00349764
-0.00405332
-0.00418562
-0.00417496
-0.00437395
-0.00451377
-0.00445363
-0.00437679
-0.0043638
-0.00432666
-0.00426135
-0.00424397
-0.00424141
-0.00418002
-0.00404021
-0.00384992
-0.0037003
-0.00362419
-0.00352138
-0.0033402
-0.00315312
-0.00300325
-0.00285499
-0.00268562
-0.00250969
-0.002337
-0.00216298
-0.00198438
-0.00180208
-0.00161687
-0.00142783
-0.00123484
-0.00103681
-0.000834545
-0.000625966
-0.00041312
-0.000192359
3.2247e-05
0.000266507
0.000504264
0.000752628
0.00100579
0.00126769
0.00153963
0.00181414
0.00210735
0.00239736
0.00270896
0.00302558
0.00335126
0.00370595
0.00406604
0.00448247
0.00497229
-0.00173303
-0.00191743
-0.00239121
-0.00288241
-0.00308592
-0.00307375
-0.00342918
-0.00399637
-0.00413613
-0.00410641
-0.00430648
-0.00446304
-0.00441182
-0.00434173
-0.0043298
-0.00429389
-0.00423136
-0.00420592
-0.00419932
-0.0041532
-0.00402743
-0.00383368
-0.00367734
-0.00360499
-0.00350989
-0.00333141
-0.00314392
-0.00299505
-0.00284895
-0.00268109
-0.00250595
-0.00233398
-0.00216068
-0.00198265
-0.00180076
-0.00161588
-0.00142708
-0.00123429
-0.0010364
-0.000834241
-0.000625744
-0.000412955
-0.000192243
3.23349e-05
0.000266563
0.000504308
0.000752646
0.00100581
0.00126767
0.00153963
0.00181408
0.00210732
0.00239723
0.00270884
0.00302535
0.00335094
0.0037056
0.00406556
0.00448204
0.00497189
-0.00179811
-0.00191687
-0.00236759
-0.00289606
-0.00310968
-0.00304412
-0.0033564
-0.00393864
-0.00409314
-0.00404037
-0.00423658
-0.00441235
-0.00436879
-0.00430468
-0.00429615
-0.00426011
-0.00420138
-0.00417057
-0.00415645
-0.00412258
-0.004014
-0.00381925
-0.00365447
-0.00358441
-0.0034977
-0.00332267
-0.00313462
-0.00298651
-0.00284263
-0.00267639
-0.00250207
-0.00233083
-0.00215827
-0.00198084
-0.00179938
-0.00161483
-0.0014263
-0.00123371
-0.00103597
-0.000833918
-0.000625509
-0.00041278
-0.000192119
3.24283e-05
0.000266622
0.000504356
0.000752666
0.00100583
0.00126766
0.00153963
0.00181402
0.00210729
0.0023971
0.00270872
0.00302511
0.0033506
0.00370524
0.00406507
0.0044816
0.00497149
-0.00186701
-0.00192943
-0.0023353
-0.00289423
-0.0031428
-0.00302674
-0.00327987
-0.00387715
-0.00405653
-0.00397874
-0.00416386
-0.00436132
-0.00432556
-0.0042652
-0.00426268
-0.00422582
-0.0041706
-0.00413783
-0.00411397
-0.00408812
-0.0039991
-0.00380665
-0.00363212
-0.00356245
-0.00348464
-0.00331397
-0.00312528
-0.00297763
-0.00283601
-0.00267153
-0.00249807
-0.00232754
-0.00215575
-0.00197894
-0.00179793
-0.00161373
-0.00142547
-0.00123309
-0.00103551
-0.000833577
-0.000625259
-0.000412594
-0.000191987
3.25274e-05
0.000266685
0.000504406
0.000752687
0.00100585
0.00126765
0.00153963
0.00181396
0.00210725
0.00239697
0.00270859
0.00302487
0.00335025
0.00370488
0.00406457
0.00448116
0.00497108
-0.00193588
-0.00195566
-0.00230238
-0.00287251
-0.00317889
-0.00302608
-0.00320232
-0.0038088
-0.00402508
-0.00392373
-0.00408848
-0.00430901
-0.00428317
-0.00422319
-0.00422886
-0.0041917
-0.00413841
-0.00410716
-0.00407306
-0.00405019
-0.00398182
-0.00379571
-0.0036108
-0.00353919
-0.0034705
-0.00330527
-0.00311597
-0.00296842
-0.00282908
-0.00266649
-0.00249393
-0.00232413
-0.00215311
-0.00197695
-0.00179641
-0.00161257
-0.0014246
-0.00123244
-0.00103503
-0.000833215
-0.000624994
-0.000412397
-0.000191847
3.26323e-05
0.000266753
0.000504459
0.000752709
0.00100587
0.00126763
0.00153963
0.0018139
0.00210722
0.00239683
0.00270845
0.00302463
0.00334989
0.00370452
0.00406407
0.00448072
0.00497066
-0.00200588
-0.00199262
-0.00227704
-0.00283106
-0.0032096
-0.00304452
-0.0031286
-0.00373107
-0.00399632
-0.00387737
-0.00401143
-0.00425407
-0.00424247
-0.00417909
-0.00419391
-0.00415837
-0.00410455
-0.00407769
-0.0040347
-0.00400951
-0.0039613
-0.00378602
-0.003591
-0.00351485
-0.00345509
-0.0032965
-0.00310676
-0.00295892
-0.00282181
-0.00266128
-0.00248967
-0.00232057
-0.00215035
-0.00197486
-0.00179482
-0.00161135
-0.00142368
-0.00123175
-0.00103451
-0.000832833
-0.000624714
-0.000412188
-0.0001917
3.27434e-05
0.000266824
0.000504515
0.000752733
0.0010059
0.00126762
0.00153963
0.00181384
0.00210717
0.00239669
0.0027083
0.00302438
0.00334952
0.00370415
0.00406356
0.00448027
0.00497024
-0.00208227
-0.00203605
-0.00226529
-0.002775
-0.0032261
-0.00308083
-0.00306486
-0.00364306
-0.00396662
-0.00384105
-0.00393461
-0.00419511
-0.00420375
-0.00413383
-0.00415693
-0.00412621
-0.00406923
-0.00404835
-0.00399952
-0.00396714
-0.00393686
-0.00377696
-0.00357318
-0.00348973
-0.00343822
-0.00328754
-0.0030977
-0.00294915
-0.00281419
-0.00265587
-0.00248528
-0.00231688
-0.00214747
-0.00197268
-0.00179315
-0.00161007
-0.00142272
-0.00123102
-0.00103397
-0.00083243
-0.000624417
-0.000411968
-0.000191543
3.28609e-05
0.000266899
0.000504575
0.000752758
0.00100592
0.0012676
0.00153963
0.00181377
0.00210713
0.00239655
0.00270814
0.00302413
0.00334914
0.00370378
0.00406304
0.00447982
0.00496982
-0.00217023
-0.00208288
-0.00226906
-0.00271257
-0.0032211
-0.00312967
-0.00301752
-0.00354616
-0.00393171
-0.00381492
-0.00386074
-0.00413103
-0.00416658
-0.00408876
-0.00411715
-0.00409521
-0.00403311
-0.00401811
-0.00396763
-0.00392437
-0.00390814
-0.00376768
-0.00355764
-0.00346427
-0.00341974
-0.00327824
-0.00308886
-0.00293918
-0.00280619
-0.00265026
-0.00248076
-0.00231306
-0.00214447
-0.00197041
-0.00179141
-0.00160873
-0.0014217
-0.00123026
-0.0010334
-0.000832004
-0.000624105
-0.000411735
-0.000191378
3.29849e-05
0.00026698
0.000504638
0.000752785
0.00100595
0.00126759
0.00153963
0.0018137
0.00210708
0.0023964
0.00270797
0.00302388
0.00334875
0.0037034
0.00406253
0.00447936
0.00496939
-0.0022705
-0.00213237
-0.00228588
-0.00265289
-0.00319123
-0.00318271
-0.00299177
-0.00344439
-0.00388736
-0.00379757
-0.00379288
-0.00406149
-0.00412976
-0.00404531
-0.0040742
-0.00406491
-0.0039971
-0.0039861
-0.00393861
-0.00388256
-0.00387517
-0.00375721
-0.00354451
-0.00343898
-0.00339959
-0.0032684
-0.00308026
-0.00292906
-0.00279782
-0.00264441
-0.00247612
-0.00230911
-0.00214134
-0.00196803
-0.00178958
-0.00160733
-0.00142064
-0.00122946
-0.00103281
-0.000831555
-0.000623775
-0.000411489
-0.000191203
3.31158e-05
0.000267064
0.000504704
0.000752814
0.00100598
0.00126757
0.00153962
0.00181364
0.00210703
0.00239625
0.0027078
0.00302362
0.00334835
0.00370302
0.004062
0.00447889
0.00496896
-0.00237657
-0.00218586
-0.0023106
-0.00260389
-0.00313834
-0.00323018
-0.00298992
-0.0033439
-0.00383031
-0.00378603
-0.00373397
-0.0039872
-0.00409154
-0.00400475
-0.00402829
-0.00403442
-0.00396213
-0.00395184
-0.0039116
-0.00384297
-0.00383843
-0.00374454
-0.00353364
-0.00341444
-0.00337782
-0.00325778
-0.00307191
-0.00291887
-0.00278906
-0.00263833
-0.00247136
-0.00230503
-0.00213808
-0.00196556
-0.00178768
-0.00160586
-0.00141952
-0.00122862
-0.00103217
-0.000831083
-0.000623427
-0.00041123
-0.000191019
3.32537e-05
0.000267154
0.000504774
0.000752845
0.00100601
0.00126756
0.00153962
0.00181357
0.00210697
0.0023961
0.00270761
0.00302336
0.00334794
0.00370264
0.00406148
0.00447842
0.00496852
-0.00247591
-0.00224509
-0.00233803
-0.00257034
-0.00306902
-0.00326258
-0.00301024
-0.00325179
-0.00375936
-0.00377609
-0.00368613
-0.00391007
-0.00405
-0.00396777
-0.00398026
-0.00400266
-0.00392895
-0.0039154
-0.00388546
-0.00380656
-0.00379882
-0.00372874
-0.00352465
-0.00339124
-0.00335457
-0.00324615
-0.00306379
-0.00290871
-0.00277994
-0.00263197
-0.00246647
-0.00230083
-0.00213469
-0.00196298
-0.0017857
-0.00160433
-0.00141835
-0.00122773
-0.00103151
-0.000830587
-0.000623061
-0.000410958
-0.000190825
3.33989e-05
0.000267248
0.000504847
0.000752878
0.00100604
0.00126754
0.00153961
0.0018135
0.00210691
0.00239595
0.00270742
0.0030231
0.00334752
0.00370225
0.00406096
0.00447794
0.00496808
-0.00255392
-0.00231014
-0.00236482
-0.00255296
-0.00299226
-0.00327292
-0.00304692
-0.00317494
-0.00367592
-0.00376289
-0.00365012
-0.00383292
-0.00400346
-0.00393426
-0.00393147
-0.00396858
-0.00389788
-0.00387734
-0.00385897
-0.0037738
-0.00375751
-0.0037091
-0.00351687
-0.00336992
-0.00333013
-0.00323328
-0.00305579
-0.00289866
-0.00277048
-0.00262532
-0.00246145
-0.00229651
-0.00213117
-0.00196029
-0.00178364
-0.00160273
-0.00141712
-0.00122681
-0.00103082
-0.000830066
-0.000622676
-0.000410672
-0.00019062
3.35516e-05
0.000267348
0.000504924
0.000752914
0.00100607
0.00126753
0.00153961
0.00181343
0.00210684
0.0023958
0.00270722
0.00302283
0.00334709
0.00370185
0.00406044
0.00447745
0.00496764
-0.00259923
-0.00237833
-0.00239016
-0.00254907
-0.00291742
-0.00325857
-0.00309153
-0.00311848
-0.00358408
-0.00374185
-0.00362496
-0.00375906
-0.00395097
-0.00390331
-0.00388351
-0.00393141
-0.00386875
-0.0038386
-0.00383104
-0.00374462
-0.00371589
-0.00368527
-0.00350948
-0.00335084
-0.00330492
-0.00321899
-0.0030478
-0.00288881
-0.00276072
-0.00261837
-0.0024563
-0.00229209
-0.00212753
-0.0019575
-0.0017815
-0.00160106
-0.00141585
-0.00122584
-0.00103009
-0.00082952
-0.000622272
-0.000410371
-0.000190405
3.37118e-05
0.000267453
0.000505005
0.000752951
0.0010061
0.00126751
0.0015396
0.00181335
0.00210677
0.00239565
0.00270701
0.00302256
0.00334666
0.00370145
0.00405992
0.00447696
0.0049672
-0.00260784
-0.00244435
-0.00241534
-0.00255432
-0.00285227
-0.00322165
-0.00313462
-0.00308454
-0.00348978
-0.0037096
-0.00360805
-0.0036917
-0.0038926
-0.0038733
-0.00383792
-0.00389094
-0.00384093
-0.00380028
-0.0038009
-0.00371842
-0.00367531
-0.00365732
-0.00350151
-0.00333421
-0.00327944
-0.00320315
-0.00303965
-0.00287923
-0.00275073
-0.00261109
-0.002451
-0.00228756
-0.00212377
-0.00195459
-0.00177927
-0.00159933
-0.00141451
-0.00122483
-0.00102933
-0.000828948
-0.000621849
-0.000410056
-0.00019018
3.38798e-05
0.000267564
0.000505089
0.000752992
0.00100613
0.0012675
0.00153959
0.00181328
0.00210669
0.00239549
0.00270679
0.00302229
0.00334622
0.00370104
0.0040594
0.00447646
0.00496675
-0.00258437
-0.00250174
-0.00244228
-0.00256445
-0.00280151
-0.00316814
-0.0031676
-0.00307162
-0.00339961
-0.00366481
-0.00359556
-0.00363329
-0.00382963
-0.00384236
-0.00379579
-0.00384755
-0.00381344
-0.00376338
-0.00376827
-0.00369426
-0.00363697
-0.00362576
-0.00349199
-0.00331995
-0.00325427
-0.00318575
-0.00303112
-0.00286995
-0.00274057
-0.00260347
-0.00244554
-0.00228293
-0.00211988
-0.00195158
-0.00177696
-0.00159753
-0.00141313
-0.00122377
-0.00102854
-0.00082835
-0.000621407
-0.000409726
-0.000189943
3.40557e-05
0.00026768
0.000505178
0.000753034
0.00100617
0.00126749
0.00153958
0.00181321
0.00210661
0.00239533
0.00270656
0.00302202
0.00334577
0.00370063
0.00405888
0.00447596
0.00496629
-0.00253956
-0.00254494
-0.00247204
-0.00257647
-0.00276625
-0.00310579
-0.00318449
-0.00307504
-0.00331959
-0.0036085
-0.0035832
-0.00358499
-0.00376427
-0.00380871
-0.00375756
-0.00380221
-0.00378518
-0.00372861
-0.00373338
-0.00367098
-0.0036017
-0.00359144
-0.00348006
-0.00330777
-0.00322996
-0.00316689
-0.00302201
-0.00286099
-0.00273033
-0.00259552
-0.00243991
-0.00227822
-0.00211589
-0.00194847
-0.00177457
-0.00159567
-0.00141169
-0.00122268
-0.00102771
-0.000827726
-0.000620944
-0.000409381
-0.000189695
3.42396e-05
0.000267803
0.00050527
0.00075308
0.0010062
0.00126748
0.00153957
0.00181314
0.00210653
0.00239517
0.00270633
0.00302174
0.00334533
0.00370021
0.00405836
0.00447545
0.00496584
-0.00248667
-0.00257111
-0.00250396
-0.00258878
-0.00274468
-0.00304244
-0.00318308
-0.00308823
-0.003254
-0.0035438
-0.00356699
-0.00354645
-0.00369929
-0.0037711
-0.00372292
-0.00375623
-0.00375521
-0.00369624
-0.00369691
-0.00364747
-0.00356983
-0.00355546
-0.00346511
-0.00329713
-0.00320702
-0.00314678
-0.00301209
-0.00285231
-0.0027201
-0.00258726
-0.00243408
-0.00227342
-0.0021118
-0.00194525
-0.0017721
-0.00159374
-0.00141019
-0.00122154
-0.00102685
-0.000827077
-0.000620461
-0.000409022
-0.000189436
3.44315e-05
0.000267931
0.000505366
0.000753128
0.00100624
0.00126747
0.00153956
0.00181306
0.00210644
0.00239501
0.00270609
0.00302146
0.00334488
0.00369979
0.00405785
0.00447494
0.00496538
-0.00243753
-0.00258078
-0.00253579
-0.002601
-0.00273349
-0.00298446
-0.00316482
-0.00310407
-0.00320453
-0.00347518
-0.0035441
-0.00351597
-0.0036374
-0.00372909
-0.0036909
-0.00371099
-0.00372296
-0.00366608
-0.00365979
-0.00362281
-0.00354124
-0.00351902
-0.00344686
-0.00328733
-0.00318583
-0.00312576
-0.0030012
-0.00284383
-0.00270998
-0.00257871
-0.00242806
-0.00226853
-0.00210761
-0.00194193
-0.00176955
-0.00159175
-0.00140864
-0.00122035
-0.00102595
-0.000826401
-0.000619959
-0.000408647
-0.000189167
3.46314e-05
0.000268064
0.000505465
0.000753179
0.00100628
0.00126746
0.00153954
0.00181299
0.00210634
0.00239485
0.00270585
0.00302118
0.00334443
0.00369936
0.00405735
0.00447442
0.00496491
-0.00239954
-0.00257709
-0.0025645
-0.00261323
-0.00272906
-0.0029358
-0.00313378
-0.00311635
-0.00317021
-0.00340741
-0.00351334
-0.00349092
-0.00358079
-0.00368318
-0.00366019
-0.00366767
-0.00368832
-0.00363757
-0.003623
-0.00359642
-0.00351538
-0.00348327
-0.0034254
-0.00327762
-0.00316658
-0.00310423
-0.00298922
-0.00283544
-0.00270005
-0.00256993
-0.00242181
-0.00226357
-0.00210334
-0.00193851
-0.00176692
-0.0015897
-0.00140705
-0.00121913
-0.00102502
-0.0008257
-0.000619437
-0.000408258
-0.000188886
3.48393e-05
0.000268204
0.000505569
0.000753233
0.00100632
0.00126745
0.00153952
0.00181292
0.00210624
0.00239469
0.0027056
0.00302089
0.00334398
0.00369893
0.00405684
0.00447391
0.00496445
-0.00237528
-0.00256456
-0.00258742
-0.00262548
-0.00272836
-0.00289779
-0.0030952
-0.0031209
-0.00314808
-0.00334467
-0.00347523
-0.00346833
-0.00353068
-0.00363462
-0.00362944
-0.00362704
-0.00365166
-0.00360995
-0.00358739
-0.00356816
-0.00349147
-0.00344915
-0.00340113
-0.00326724
-0.00314928
-0.00308265
-0.00297612
-0.002827
-0.00269035
-0.00256096
-0.00241535
-0.00225852
-0.002099
-0.001935
-0.00176421
-0.00158759
-0.0014054
-0.00121786
-0.00102406
-0.000824974
-0.000618896
-0.000407854
-0.000188594
3.50551e-05
0.00026835
0.000505676
0.000753289
0.00100636
0.00126744
0.0015395
0.00181284
0.00210614
0.00239453
0.00270534
0.0030206
0.00334353
0.00369849
0.00405635
0.00447339
0.00496398
-0.00236377
-0.00254794
-0.002603
-0.00263735
-0.00272925
-0.00286968
-0.00305416
-0.00311608
-0.00313408
-0.00328978
-0.00343166
-0.00344549
-0.00348725
-0.00358512
-0.00359757
-0.00358933
-0.00361374
-0.00358244
-0.0035535
-0.00353827
-0.00346865
-0.00341728
-0.00337473
-0.00325556
-0.00313374
-0.00306146
-0.00296195
-0.00281836
-0.00268093
-0.00255189
-0.00240866
-0.00225338
-0.00209461
-0.00193141
-0.00176143
-0.00158542
-0.00140371
-0.00121656
-0.00102307
-0.000824224
-0.000618336
-0.000407436
-0.000188291
3.52785e-05
0.000268501
0.000505786
0.000753349
0.0010064
0.00126744
0.00153948
0.00181277
0.00210603
0.00239436
0.00270508
0.00302031
0.00334308
0.00369805
0.00405586
0.00447287
0.00496351
-0.00236228
-0.0025312
-0.00261111
-0.00264808
-0.00273047
-0.00284955
-0.00301471
-0.00310245
-0.00312403
-0.00324388
-0.00338529
-0.00342047
-0.00344977
-0.00353648
-0.00356398
-0.00355429
-0.00357547
-0.00355442
-0.00352158
-0.0035073
-0.00344611
-0.00338792
-0.00334702
-0.00324217
-0.00311962
-0.00304107
-0.00294687
-0.00280938
-0.00267178
-0.00254279
-0.00240177
-0.00224815
-0.00209016
-0.00192775
-0.00175858
-0.00158321
-0.00140197
-0.00121521
-0.00102205
-0.000823451
-0.000617758
-0.000407005
-0.000187978
3.55094e-05
0.000268658
0.000505901
0.000753411
0.00100644
0.00126743
0.00153946
0.0018127
0.00210592
0.0023942
0.00270482
0.00302002
0.00334264
0.00369761
0.00405537
0.00447235
0.00496303
-0.00236771
-0.00251701
-0.0026128
-0.00265679
-0.00273136
-0.00283513
-0.00297945
-0.00308205
-0.00311443
-0.0032066
-0.00333885
-0.00339241
-0.00341687
-0.0034902
-0.00352866
-0.00352136
-0.00353774
-0.00352555
-0.00349153
-0.00347593
-0.00342326
-0.00336098
-0.00331887
-0.00322688
-0.00310647
-0.00302176
-0.0029311
-0.00279993
-0.00266288
-0.00253374
-0.0023947
-0.00224283
-0.00208568
-0.00192403
-0.00175567
-0.00158094
-0.00140019
-0.00121384
-0.001021
-0.000822657
-0.000617163
-0.00040656
-0.000187655
3.57473e-05
0.00026882
0.000506018
0.000753477
0.00100648
0.00126743
0.00153944
0.00181263
0.00210581
0.00239404
0.00270456
0.00301972
0.0033422
0.00369717
0.00405489
0.00447184
0.00496256
-0.00237739
-0.00250667
-0.00260987
-0.00266281
-0.00273167
-0.00282439
-0.00294946
-0.00305751
-0.00310301
-0.00317648
-0.00329464
-0.00336143
-0.00338698
-0.00344725
-0.00349207
-0.00348985
-0.00350127
-0.0034958
-0.00346304
-0.00344483
-0.00339976
-0.00333613
-0.00329105
-0.00320977
-0.00309383
-0.0030037
-0.00291493
-0.00278996
-0.00265419
-0.0025248
-0.00238749
-0.00223742
-0.00208117
-0.00192027
-0.0017527
-0.00157863
-0.00139838
-0.00121243
-0.00101993
-0.000821842
-0.000616552
-0.000406104
-0.000187323
3.59917e-05
0.000268988
0.000506139
0.000753545
0.00100652
0.00126742
0.00153941
0.00181256
0.00210569
0.00239387
0.0027043
0.00301943
0.00334177
0.00369673
0.00405442
0.00447133
0.00496208
-0.00238924
-0.00250047
-0.0026043
-0.00266589
-0.00273125
-0.00281579
-0.00292469
-0.00303138
-0.0030888
-0.00315158
-0.00325419
-0.00332837
-0.00335865
-0.00340803
-0.003455
-0.00345914
-0.00346649
-0.00346543
-0.00343574
-0.00341458
-0.00337556
-0.00331293
-0.00326418
-0.00319113
-0.00308124
-0.00298694
-0.00289866
-0.00277945
-0.00264563
-0.00251604
-0.00238018
-0.00223191
-0.00207664
-0.00191648
-0.00174969
-0.00157628
-0.00139654
-0.001211
-0.00101883
-0.00082101
-0.000615927
-0.000405637
-0.000186983
3.62422e-05
0.00026916
0.000506262
0.000753615
0.00100657
0.00126742
0.00153939
0.00181249
0.00210557
0.00239371
0.00270404
0.00301913
0.00334134
0.00369628
0.00405395
0.00447083
0.00496161
-0.00240179
-0.00249796
-0.00259788
-0.00266622
-0.00273001
-0.0028083
-0.0029044
-0.00300565
-0.00307189
-0.00312998
-0.00321814
-0.0032945
-0.00333088
-0.00337243
-0.00341835
-0.00342882
-0.00343358
-0.00343486
-0.00340923
-0.00338555
-0.00335082
-0.0032909
-0.00323869
-0.0031714
-0.00306837
-0.00297141
-0.00288258
-0.00276844
-0.00263714
-0.00250749
-0.00237283
-0.00222633
-0.00207211
-0.00191267
-0.00174665
-0.00157391
-0.00139468
-0.00120955
-0.00101772
-0.000820162
-0.00061529
-0.00040516
-0.000186635
3.6498e-05
0.000269336
0.000506388
0.000753688
0.00100661
0.00126742
0.00153936
0.00181242
0.00210545
0.00239354
0.00270378
0.00301883
0.00334093
0.00369584
0.0040535
0.00447033
0.00496113
-0.00241406
-0.00249836
-0.00259188
-0.00266436
-0.00272789
-0.00280132
-0.00288763
-0.00298165
-0.00305301
-0.00311013
-0.00318646
-0.00326105
-0.00330316
-0.00334
-0.00338292
-0.00339875
-0.00340252
-0.00340459
-0.00338326
-0.00335793
-0.00332589
-0.00326964
-0.00321475
-0.00315108
-0.003055
-0.00295694
-0.00286695
-0.00275704
-0.00262865
-0.0024992
-0.0023655
-0.00222069
-0.00206757
-0.00190886
-0.00174359
-0.00157151
-0.0013928
-0.00120808
-0.00101659
-0.000819302
-0.000614643
-0.000404675
-0.000186281
3.67583e-05
0.000269517
0.000506516
0.000753763
0.00100665
0.00126743
0.00153934
0.00181235
0.00210533
0.00239338
0.00270352
0.00301854
0.00334052
0.00369541
0.00405305
0.00446984
0.00496066
-0.00242547
-0.00250078
-0.00258703
-0.00266104
-0.00272491
-0.00279457
-0.00287347
-0.00295999
-0.00303319
-0.00309107
-0.00315862
-0.00322909
-0.00327544
-0.00331016
-0.00334932
-0.00336902
-0.00337313
-0.00337508
-0.0033577
-0.00333177
-0.00330115
-0.00324887
-0.00319239
-0.00313068
-0.00304108
-0.00294335
-0.00285197
-0.00274541
-0.00262012
-0.00249116
-0.00235825
-0.00221502
-0.00206305
-0.00190508
-0.00174052
-0.0015691
-0.0013909
-0.0012066
-0.00101545
-0.000818433
-0.000613988
-0.000404185
-0.000185922
3.70221e-05
0.0002697
0.000506646
0.000753839
0.0010067
0.00126743
0.00153931
0.00181228
0.00210522
0.00239322
0.00270326
0.00301825
0.00334012
0.00369498
0.00405261
0.00446936
0.0049602
-0.00243571
-0.00250441
-0.00258362
-0.002657
-0.00272121
-0.00278796
-0.0028612
-0.00294082
-0.00301341
-0.00307236
-0.00313393
-0.00319931
-0.00324803
-0.00328236
-0.00331789
-0.00333992
-0.00334525
-0.0033467
-0.0033326
-0.003307
-0.003277
-0.00322847
-0.00317151
-0.00311064
-0.00302668
-0.00293042
-0.00283778
-0.0027337
-0.00261155
-0.00248338
-0.00235114
-0.00220935
-0.00205855
-0.00190133
-0.00173747
-0.00156669
-0.00138901
-0.00120512
-0.00101431
-0.000817559
-0.000613329
-0.00040369
-0.000185559
3.72883e-05
0.000269885
0.000506777
0.000753918
0.00100674
0.00126743
0.00153928
0.00181221
0.0021051
0.00239306
0.00270302
0.00301796
0.00333973
0.00369456
0.00405219
0.0044689
0.00495974
-0.0024447
-0.00250863
-0.00258159
-0.00265289
-0.00271702
-0.00278147
-0.00285032
-0.00292402
-0.00299443
-0.00305399
-0.0031117
-0.00317204
-0.0032214
-0.00325622
-0.00328878
-0.0033118
-0.00331875
-0.00331973
-0.00330811
-0.00328355
-0.00325376
-0.00320845
-0.00315196
-0.00309134
-0.00301198
-0.00291799
-0.00282444
-0.00272212
-0.00260296
-0.00247585
-0.00234423
-0.00220373
-0.00205409
-0.00189763
-0.00173444
-0.00156429
-0.00138713
-0.00120364
-0.00101316
-0.000816684
-0.000612668
-0.000403195
-0.000185195
3.75556e-05
0.000270072
0.000506908
0.000753997
0.00100679
0.00126744
0.00153926
0.00181215
0.00210498
0.0023929
0.00270277
0.00301767
0.00333935
0.00369414
0.00405177
0.00446844
0.00495929
-0.0024525
-0.002513
-0.00258073
-0.00264913
-0.00271261
-0.00277519
-0.00284053
-0.00290931
-0.00297679
-0.00303619
-0.00309143
-0.00314737
-0.00319604
-0.00323155
-0.00326197
-0.00328504
-0.00329358
-0.00329433
-0.00328446
-0.00326134
-0.00323167
-0.00318894
-0.00313361
-0.00307301
-0.00299724
-0.00290595
-0.00281197
-0.00271083
-0.00259439
-0.00246858
-0.00233756
-0.00219821
-0.0020497
-0.00189401
-0.00173146
-0.00156192
-0.00138526
-0.00120218
-0.00101203
-0.000815815
-0.00061201
-0.0004027
-0.000184832
3.78225e-05
0.000270258
0.000507039
0.000754077
0.00100683
0.00126745
0.00153923
0.00181209
0.00210487
0.00239275
0.00270254
0.0030174
0.00333899
0.00369374
0.00405137
0.00446801
0.00495886
-0.00245929
-0.00251728
-0.00258076
-0.002646
-0.00270829
-0.00276922
-0.0028317
-0.00289645
-0.00296076
-0.00301929
-0.00307283
-0.00312521
-0.00317238
-0.00320835
-0.00323738
-0.00325994
-0.00326982
-0.00327061
-0.00326191
-0.00324035
-0.0032109
-0.00317014
-0.00311634
-0.00305583
-0.00298272
-0.00289425
-0.00280036
-0.0027
-0.00258594
-0.00246157
-0.00233118
-0.00219282
-0.0020454
-0.00189048
-0.00172856
-0.0015596
-0.00138343
-0.00120074
-0.00101091
-0.000814955
-0.000611359
-0.000402211
-0.000184472
3.80872e-05
0.000270444
0.000507169
0.000754157
0.00100688
0.00126745
0.00153921
0.00181203
0.00210476
0.0023926
0.00270231
0.00301713
0.00333865
0.00369336
0.00405098
0.00446759
0.00495844
-0.00246528
-0.00252136
-0.00258147
-0.00264363
-0.00270432
-0.0027637
-0.00282377
-0.00288523
-0.00294649
-0.00300361
-0.00305579
-0.00310539
-0.00315071
-0.00318675
-0.00321493
-0.00323676
-0.00324758
-0.00324865
-0.00324071
-0.00322064
-0.00319159
-0.00315227
-0.00310013
-0.00303989
-0.00296871
-0.00288293
-0.00278956
-0.00268977
-0.0025777
-0.00245483
-0.00232512
-0.00218764
-0.00204123
-0.00188707
-0.00172574
-0.00155733
-0.00138164
-0.00119933
-0.00100981
-0.000814112
-0.00061072
-0.00040173
-0.000184117
3.83478e-05
0.000270627
0.000507297
0.000754236
0.00100692
0.00126746
0.00153918
0.00181197
0.00210465
0.00239245
0.0027021
0.00301687
0.00333832
0.00369299
0.00405061
0.00446719
0.00495803
-0.00247068
-0.00252525
-0.00258269
-0.00264205
-0.00270093
-0.00275878
-0.0028168
-0.00287553
-0.00293401
-0.00298944
-0.00304034
-0.0030878
-0.00313123
-0.00316695
-0.0031946
-0.00321567
-0.00322706
-0.00322852
-0.00322109
-0.00320232
-0.00317381
-0.00313555
-0.003085
-0.00302525
-0.00295545
-0.00287207
-0.00277957
-0.00268024
-0.0025698
-0.0024484
-0.00231941
-0.00218271
-0.00203723
-0.0018838
-0.00172304
-0.00155516
-0.00137991
-0.00119797
-0.00100875
-0.000813293
-0.000610097
-0.000401261
-0.00018377
3.86027e-05
0.000270807
0.000507423
0.000754314
0.00100697
0.00126747
0.00153916
0.00181192
0.00210456
0.00239232
0.00270189
0.00301662
0.003338
0.00369263
0.00405025
0.00446681
0.00495764
-0.00247568
-0.002529
-0.00258432
-0.00264126
-0.00269828
-0.00275461
-0.00281082
-0.00286728
-0.00292333
-0.00297696
-0.0030266
-0.00307238
-0.00311407
-0.00314915
-0.00317642
-0.00319682
-0.00320846
-0.00321034
-0.00320327
-0.00318554
-0.00315768
-0.0031202
-0.00307105
-0.00301195
-0.00294318
-0.00286182
-0.00277038
-0.00267149
-0.00256234
-0.00244232
-0.00231409
-0.00217807
-0.00203342
-0.00188069
-0.00172048
-0.00155308
-0.00137826
-0.00119667
-0.00100774
-0.000812512
-0.000609504
-0.000400814
-0.00018344
3.88446e-05
0.000270978
0.000507542
0.000754388
0.00100701
0.00126748
0.00153914
0.00181187
0.00210446
0.00239219
0.0027017
0.00301638
0.00333771
0.0036923
0.00404992
0.00446646
0.00495728
-0.00248048
-0.00253275
-0.00258638
-0.00264126
-0.00269651
-0.00275135
-0.00280596
-0.00286049
-0.00291443
-0.00296632
-0.00301467
-0.00305906
-0.00309925
-0.00313354
-0.00316045
-0.00318029
-0.00319196
-0.00319421
-0.00318743
-0.0031705
-0.00314329
-0.00310642
-0.00305843
-0.00300007
-0.00293209
-0.00285238
-0.00276208
-0.00266364
-0.00255549
-0.0024367
-0.0023092
-0.00217378
-0.00202984
-0.00187776
-0.00171804
-0.00155108
-0.00137666
-0.0011954
-0.00100674
-0.000811736
-0.00060891
-0.000400363
-0.000183106
3.90911e-05
0.000271153
0.000507665
0.000754466
0.00100705
0.0012675
0.00153912
0.00181182
0.00210438
0.00239207
0.00270152
0.00301617
0.00333744
0.003692
0.00404961
0.00446613
0.00495693
-0.00248529
-0.00253667
-0.00258893
-0.00264211
-0.00269573
-0.00274918
-0.00280236
-0.00285527
-0.00290742
-0.00295769
-0.00300478
-0.00304797
-0.00308685
-0.00312027
-0.00314676
-0.00316615
-0.0031777
-0.00318019
-0.00317362
-0.00315727
-0.00313067
-0.00309429
-0.00304722
-0.00298961
-0.00292229
-0.00284391
-0.00275473
-0.00265679
-0.00254943
-0.00243171
-0.00230494
-0.00217006
-0.00202674
-0.00187523
-0.00171597
-0.0015494
-0.00137532
-0.00119434
-0.00100591
-0.000811097
-0.000608424
-0.000399997
-0.000182836
3.92891e-05
0.000271292
0.000507762
0.000754527
0.00100709
0.0012675
0.00153911
0.00181178
0.0021043
0.00239196
0.00270136
0.00301597
0.00333719
0.00369172
0.00404932
0.00446584
0.00495662
-0.0024904
-0.00254097
-0.0025921
-0.00264388
-0.0026961
-0.00274829
-0.00280023
-0.00285176
-0.00290243
-0.00295127
-0.00299718
-0.00303931
-0.0030771
-0.00310963
-0.00313565
-0.00315461
-0.00316593
-0.0031685
-0.00316203
-0.003146
-0.00311983
-0.00308378
-0.00303733
-0.00298035
-0.00291353
-0.00283612
-0.00274794
-0.00265047
-0.0025437
-0.00242687
-0.00230077
-0.00216637
-0.0020236
-0.00187262
-0.0017138
-0.00154761
-0.00137387
-0.00119318
-0.001005
-0.000810384
-0.000607876
-0.000399581
-0.000182525
3.95181e-05
0.000271456
0.000507877
0.000754602
0.00100713
0.00126752
0.0015391
0.00181175
0.00210424
0.00239186
0.00270122
0.00301578
0.00333697
0.00369146
0.00404907
0.00446558
0.00495634
-0.00249624
-0.00254597
-0.00259614
-0.00264682
-0.0026979
-0.00274903
-0.00279996
-0.00285041
-0.00289989
-0.00294759
-0.0029925
-0.00303376
-0.00307067
-0.00310245
-0.00312801
-0.00314663
-0.00315772
-0.00316031
-0.00315388
-0.00313802
-0.00311215
-0.00307631
-0.00303027
-0.00297378
-0.00290733
-0.00283058
-0.00274316
-0.00264609
-0.0025397
-0.00242347
-0.00229787
-0.00216379
-0.00202138
-0.00187078
-0.00171227
-0.00154633
-0.00137284
-0.00119236
-0.00100434
-0.000809872
-0.000607483
-0.000399281
-0.000182303
3.9681e-05
0.000271571
0.000507958
0.000754653
0.00100716
0.00126753
0.00153909
0.00181172
0.00210418
0.00239178
0.0027011
0.00301563
0.00333678
0.00369124
0.00404884
0.00446534
0.00495608
-0.00249992
-0.00254939
-0.00259901
-0.00264889
-0.00269903
-0.00274927
-0.00279933
-0.00284891
-0.00289747
-0.00294425
-0.00298834
-0.00302886
-0.00306508
-0.00309623
-0.00312141
-0.00313977
-0.00315066
-0.00315317
-0.00314669
-0.00313087
-0.00310516
-0.00306946
-0.00302371
-0.00296764
-0.00290153
-0.00282528
-0.00273852
-0.00264185
-0.00253582
-0.00242012
-0.002295
-0.00216128
-0.00201923
-0.00186899
-0.00171078
-0.00154511
-0.00137185
-0.00119157
-0.00100372
-0.00080939
-0.000607114
-0.000399001
-0.000182094
3.98346e-05
0.000271681
0.000508036
0.000754703
0.00100719
0.00126754
0.00153909
0.0018117
0.00210414
0.00239171
0.00270101
0.00301551
0.00333663
0.00369107
0.00404867
0.00446517
0.00495588
-0.00251035
-0.0025592
-0.00260818
-0.00265738
-0.00270679
-0.00275625
-0.00280556
-0.00285435
-0.00290206
-0.00294795
-0.00299115
-0.00303083
-0.00306622
-0.00309658
-0.0031211
-0.00313899
-0.00314948
-0.00315161
-0.00314471
-0.00312851
-0.00310253
-0.00306659
-0.0030207
-0.00296467
-0.00289863
-0.00282252
-0.00273595
-0.00263936
-0.00253331
-0.00241773
-0.00229279
-0.00215921
-0.00201732
-0.0018673
-0.00170932
-0.00154385
-0.00137079
-0.0011907
-0.00100302
-0.000808832
-0.00060668
-0.000398668
-0.000181844
4.00195e-05
0.000271812
0.000508129
0.000754765
0.00100723
0.00126756
0.00153909
0.0018117
0.00210411
0.00239165
0.00270092
0.00301538
0.00333648
0.00369087
0.00404847
0.00446499
0.00495565
)
;

boundaryField
{
    zeroGradientPlanes
    {
        type            zeroGradient;
    }
    inlet
    {
        type            zeroGradient;
    }
    plate
    {
        type            zeroGradient;
    }
    frontAndBack
    {
        type            empty;
    }
}


// ************************************************************************* //
