/*--------------------------------*- C++ -*----------------------------------*\
| =========                 |                                                 |
| \\      /  F ield         | OpenFOAM: The Open Source CFD Toolbox           |
|  \\    /   O peration     | Version:  v2012                                 |
|   \\  /    A nd           | Website:  www.openfoam.com                      |
|    \\/     M anipulation  |                                                 |
\*---------------------------------------------------------------------------*/
FoamFile
{
    version     2.0;
    format      ascii;
    class       volScalarField;
    location    "0.1";
    object      p;
}
// * * * * * * * * * * * * * * * * * * * * * * * * * * * * * * * * * * * * * //

dimensions      [0 2 -2 0 0 0 0];


internalField   nonuniform List<scalar> 
8000
(
2.11119e-11
0.0041832
0.00389689
0.00324484
0.00417481
0.00343587
0.00410504
0.00505468
0.00475242
0.00497475
0.0061228
0.00636409
0.00654833
0.00735762
0.00813665
0.00944541
0.0106178
0.0121387
0.0144601
0.0177611
5.60455e-06
0.00417877
0.00389759
0.00324666
0.00417512
0.00343092
0.00410705
0.00505561
0.00475655
0.00496806
0.00611954
0.00636072
0.00655661
0.00734915
0.00814971
0.00944259
0.0106155
0.0120822
0.0144827
0.0174609
1.35502e-05
0.00417315
0.00389849
0.00324641
0.0041758
0.00342979
0.00410853
0.00505288
0.00476364
0.00496093
0.00611332
0.00636101
0.00656436
0.00733238
0.00817369
0.00943258
0.0106054
0.0120284
0.0144726
0.0170615
2.514e-05
0.00417209
0.00389733
0.00324307
0.00418016
0.00343397
0.0041081
0.00504658
0.00477534
0.0049553
0.00610511
0.00636446
0.00657251
0.00731233
0.00820139
0.00941938
0.0105928
0.0119755
0.0144094
0.016731
4.16603e-05
0.00417516
0.0038928
0.00323764
0.004189
0.00344161
0.00410635
0.00503861
0.00479108
0.00494982
0.00609754
0.00636975
0.00658172
0.00729048
0.00823044
0.00940314
0.01058
0.0119141
0.0143257
0.01643
6.27482e-05
0.00417996
0.00388505
0.0032314
0.00420125
0.00345091
0.00410388
0.00503045
0.00480909
0.00494417
0.00609144
0.00637531
0.00659117
0.0072685
0.00825915
0.0093848
0.0105646
0.0118492
0.014223
0.0161377
8.71665e-05
0.00418506
0.00387511
0.00322516
0.0042155
0.00346052
0.00410112
0.00502275
0.00482803
0.0049382
0.00608647
0.00637996
0.00660055
0.00724737
0.00828565
0.00936604
0.0105442
0.0117808
0.0140991
0.0158518
0.000113735
0.00418992
0.00386415
0.00321915
0.00423064
0.00346978
0.00409838
0.00501559
0.00484701
0.00493181
0.00608235
0.00638328
0.00660967
0.00722716
0.00830903
0.00934808
0.0105166
0.0117086
0.0139566
0.0155704
0.000141656
0.00419435
0.00385299
0.00321322
0.004246
0.00347855
0.00409587
0.00500875
0.00486553
0.0049251
0.00607886
0.00638534
0.0066181
0.00720804
0.00832861
0.00933106
0.0104807
0.0116332
0.0137976
0.0152911
0.000170497
0.00419832
0.00384212
0.00320718
0.00426129
0.00348687
0.00409371
0.00500207
0.00488339
0.00491817
0.00607576
0.00638646
0.0066254
0.00719043
0.00834344
0.009315
0.0104365
0.0115541
0.0136243
0.0150127
0.00020007
0.00420181
0.0038318
0.00320085
0.00427644
0.0034948
0.00409192
0.00499545
0.00490048
0.00491114
0.00607279
0.00638705
0.00663105
0.00717469
0.00835272
0.0092999
0.0103839
0.0114699
0.0134391
0.0147345
0.000230318
0.00420477
0.00382215
0.00319416
0.00429142
0.00350239
0.00409047
0.00498889
0.00491672
0.00490418
0.00606966
0.00638756
0.00663452
0.00716109
0.00835605
0.00928549
0.0103234
0.0113797
0.0132446
0.0144556
0.000261241
0.00420714
0.00381324
0.00318707
0.00430622
0.00350967
0.00408932
0.00498243
0.00493201
0.00489743
0.00606603
0.00638841
0.00663525
0.00714979
0.00835327
0.00927124
0.0102555
0.0112827
0.0130427
0.0141761
0.000292859
0.00420884
0.00380514
0.00317955
0.00432083
0.00351667
0.00408839
0.00497618
0.0049462
0.00489106
0.00606154
0.00639005
0.00663283
0.00714072
0.00834443
0.0092564
0.0101811
0.0111778
0.0128356
0.0138964
0.0003252
0.00420978
0.0037979
0.00317159
0.00433522
0.00352341
0.0040876
0.00497023
0.00495914
0.00488528
0.00605582
0.00639279
0.00662697
0.00713371
0.00832981
0.00923986
0.0101013
0.0110645
0.0126248
0.0136168
0.000358297
0.00420989
0.00379159
0.0031632
0.00434937
0.00352994
0.00408684
0.00496472
0.00497065
0.00488034
0.00604849
0.00639685
0.00661754
0.00712835
0.00830993
0.00922038
0.0100172
0.0109427
0.0124114
0.013338
0.000392181
0.00420907
0.00378627
0.00315436
0.00436324
0.00353632
0.00408598
0.00495978
0.00498054
0.00487644
0.0060392
0.00640238
0.00660462
0.00712394
0.00828561
0.00919673
0.00992994
0.0108122
0.0121957
0.0130606
0.000426889
0.00420722
0.00378197
0.00314508
0.00437679
0.00354264
0.00408488
0.00495558
0.00498862
0.00487377
0.00602768
0.00640935
0.00658846
0.00711965
0.00825783
0.00916762
0.00984021
0.0106739
0.011978
0.0127854
0.000462456
0.00420425
0.00377877
0.00313538
0.00438996
0.00354898
0.00408335
0.00495229
0.0049947
0.00487251
0.00601383
0.00641747
0.00656954
0.0071145
0.00822772
0.00913183
0.00974831
0.0105292
0.0117585
0.0125126
0.000498921
0.00420005
0.00377669
0.00312528
0.00440268
0.00355545
0.00408122
0.00495007
0.00499859
0.00487274
0.0059976
0.00642644
0.00654844
0.00710715
0.00819642
0.00908874
0.0096542
0.0103794
0.0115374
0.0122424
0.000536321
0.00419454
0.00377577
0.00311479
0.00441488
0.0035622
0.00407828
0.0049491
0.00500015
0.00487442
0.00597913
0.00643575
0.00652585
0.00709628
0.0081647
0.00903857
0.00955745
0.0102259
0.0113153
0.0119749
0.000574695
0.00418762
0.00377606
0.00310397
0.00442647
0.00356939
0.0040743
0.00494953
0.00499926
0.00487744
0.00595871
0.00644467
0.00650277
0.00708081
0.00813262
0.00898192
0.00945719
0.0100694
0.0110929
0.0117103
0.000614082
0.00417919
0.00377758
0.00309285
0.00443731
0.00357718
0.00406907
0.00495149
0.00499592
0.0048816
0.00593668
0.0064524
0.0064803
0.00705998
0.00809971
0.00891974
0.00935259
0.00991026
0.0108714
0.0114492
0.000654522
0.00416916
0.00378034
0.00308152
0.00444728
0.00358577
0.00406236
0.00495505
0.00499017
0.00488659
0.00591362
0.0064579
0.00645922
0.00703343
0.00806525
0.00885345
0.00924324
0.00974824
0.0106513
0.0111923
0.000696053
0.00415744
0.00378435
0.00307004
0.00445624
0.00359537
0.00405394
0.00496026
0.00498218
0.00489189
0.00589024
0.00646026
0.00643992
0.00700133
0.00802813
0.00878426
0.00912933
0.00958292
0.0104331
0.0109403
0.000738712
0.00414396
0.0037896
0.00305852
0.00446401
0.0036062
0.0040436
0.00496707
0.00497228
0.0048969
0.00586726
0.00645869
0.00642239
0.00696437
0.00798688
0.00871277
0.00901192
0.00941414
0.0102163
0.0106937
0.000782536
0.00412864
0.00379605
0.00304707
0.00447039
0.00361849
0.00403118
0.00497535
0.0049609
0.0049009
0.00584541
0.0064526
0.00640635
0.00692366
0.00793999
0.00863907
0.00889253
0.00924195
0.0100001
0.0104527
0.000827556
0.00411142
0.00380366
0.00303584
0.00447516
0.00363248
0.00401654
0.0049849
0.00494853
0.00490303
0.00582537
0.0064419
0.00639103
0.00688045
0.00788679
0.0085628
0.00877246
0.00906674
0.00978365
0.0102175
0.000873802
0.00409225
0.00381239
0.00302498
0.00447814
0.00364838
0.00399956
0.00499541
0.0049358
0.00490249
0.00580766
0.00642673
0.00637506
0.00683594
0.0078273
0.00848317
0.00865285
0.00888974
0.00956598
0.00998728
0.000921302
0.0040711
0.00382222
0.00301466
0.00447909
0.00366637
0.00398027
0.0050064
0.00492347
0.00489853
0.0057924
0.00640759
0.00635724
0.00679103
0.00776166
0.0083988
0.00853443
0.00871288
0.00934656
0.009761
0.000970074
0.00404796
0.00383286
0.00300509
0.00447777
0.00368664
0.00395874
0.00501733
0.00491239
0.00489039
0.0057793
0.00638567
0.00633611
0.00674607
0.00769093
0.00830832
0.00841684
0.00853831
0.00912571
0.00953747
0.00102013
0.00402282
0.00384425
0.00299645
0.00447394
0.00370934
0.00393511
0.00502756
0.00490336
0.00487757
0.00576783
0.00636215
0.00631036
0.00670085
0.00761694
0.00821101
0.00829883
0.00836808
0.00890473
0.00931548
0.00107149
0.0039957
0.00385627
0.00298899
0.00446736
0.00373454
0.00390964
0.00503637
0.00489712
0.00485994
0.00575701
0.00633827
0.00627937
0.00665453
0.00754152
0.00810719
0.00817856
0.00820343
0.00868581
0.00909406
0.00112414
0.00396666
0.00386873
0.00298295
0.00445778
0.00376226
0.00388274
0.00504297
0.0048944
0.0048376
0.00574553
0.00631545
0.00624286
0.00660603
0.00746647
0.00799823
0.00805377
0.00804428
0.00847172
0.00887311
0.00117808
0.00393576
0.00388141
0.00297855
0.00444503
0.00379244
0.00385483
0.00504655
0.00489576
0.00481079
0.00573196
0.0062949
0.00620101
0.00655474
0.0073929
0.00788621
0.00792257
0.00788902
0.00826524
0.00865377
0.00123328
0.00390309
0.00389409
0.00297605
0.00442895
0.00382492
0.00382646
0.00504634
0.00490147
0.00478013
0.00571473
0.00627732
0.0061548
0.00649589
0.00732066
0.00777397
0.00778431
0.00773488
0.00806817
0.00843824
0.00128972
0.00386878
0.00390652
0.00297571
0.00440938
0.00385947
0.00379833
0.00504146
0.00491161
0.00474672
0.00569222
0.00626287
0.006106
0.00642855
0.0072485
0.0076645
0.00763995
0.00757838
0.00788066
0.00822931
0.00134735
0.003833
0.00391842
0.00297773
0.00438631
0.00389578
0.00377104
0.00503114
0.00492604
0.00471181
0.00566301
0.00625114
0.00605673
0.00635197
0.00717453
0.00756028
0.00749206
0.00741606
0.00770067
0.00802981
0.00140611
0.0037959
0.00392951
0.00298233
0.00435974
0.00393337
0.00374536
0.00501478
0.00494433
0.0046768
0.00562604
0.00624138
0.00600918
0.00626606
0.00709619
0.00746278
0.0073445
0.00724541
0.00752422
0.00784166
0.00146594
0.00375771
0.0039395
0.00298972
0.00432969
0.00397174
0.0037221
0.00499189
0.00496575
0.00464319
0.00558057
0.00623182
0.00596548
0.00617171
0.00701062
0.00737196
0.00720172
0.00706607
0.00734591
0.00766498
0.00152674
0.00371865
0.00394808
0.003
0.00429632
0.00401029
0.00370193
0.00496216
0.00498941
0.00461248
0.00552615
0.00622084
0.00592763
0.00607072
0.00691511
0.00728616
0.00706816
0.00688032
0.00715996
0.00749764
0.00158843
0.00367899
0.00395497
0.00301328
0.00425982
0.00404833
0.00368559
0.00492562
0.00501398
0.00458618
0.00546283
0.00620622
0.00589708
0.00596527
0.00680761
0.00720253
0.00694745
0.00669286
0.00696135
0.00733538
0.00165087
0.00363901
0.0039599
0.00302957
0.00422049
0.00408513
0.00367375
0.00488249
0.00503795
0.00456561
0.00539137
0.00618566
0.00587408
0.00585806
0.00668718
0.0071175
0.00684137
0.0065099
0.0067474
0.00717229
0.00171394
0.00359901
0.00396261
0.00304884
0.00417876
0.00411989
0.00366685
0.00483318
0.00505983
0.00455168
0.00531307
0.00615674
0.00585808
0.00575247
0.00655416
0.00702717
0.00674929
0.00633829
0.0065189
0.00700172
0.00177749
0.0035593
0.00396287
0.00307097
0.00413508
0.00415184
0.00366521
0.00477836
0.0050781
0.0045449
0.00522958
0.00611723
0.00584783
0.00565206
0.00641007
0.00692786
0.00666812
0.00618459
0.00628067
0.00681757
0.00184136
0.00352019
0.00396051
0.00309577
0.00409
0.0041802
0.00366898
0.00471901
0.00509117
0.00454532
0.00514312
0.00606557
0.00584142
0.00555984
0.00625734
0.00681672
0.00659313
0.0060538
0.00604109
0.00661559
0.00190539
0.00348199
0.00395538
0.00312298
0.00404414
0.00420427
0.0036781
0.00465626
0.00509763
0.00455251
0.00505605
0.00600086
0.00583626
0.00547807
0.00609897
0.00669224
0.00651883
0.00594803
0.00581042
0.00639481
0.00196938
0.00344503
0.00394739
0.00315227
0.00399813
0.00422344
0.00369228
0.00459135
0.00509635
0.00456561
0.0049707
0.00592292
0.00582942
0.00540817
0.00593832
0.00655447
0.0064397
0.00586567
0.00559936
0.00615824
0.00203314
0.00340958
0.00393649
0.00318327
0.00395255
0.00423721
0.00371111
0.00452564
0.00508647
0.0045833
0.00488931
0.00583236
0.00581775
0.00535051
0.00577889
0.00640474
0.0063511
0.0058017
0.00541747
0.00591265
0.00209647
0.00337593
0.00392269
0.00321554
0.00390803
0.00424524
0.00373396
0.00446045
0.00506735
0.00460392
0.00481383
0.00573058
0.00579816
0.00530448
0.00562406
0.00624539
0.00625015
0.0057491
0.00527112
0.00566717
0.00215918
0.00334433
0.00390608
0.00324856
0.00386519
0.00424736
0.00375997
0.00439706
0.00503877
0.00462557
0.0047457
0.00561955
0.00576799
0.00526853
0.00547686
0.00607928
0.00613607
0.00569997
0.00516191
0.00543194
0.00222105
0.00331501
0.00388677
0.00328184
0.00382342
0.0042435
0.0037882
0.00433663
0.00500094
0.00464626
0.00468568
0.00550172
0.00572519
0.00524037
0.0053398
0.00590936
0.00600994
0.00564669
0.0050862
0.00521648
0.00228189
0.00328809
0.00386495
0.00331487
0.00378581
0.00423381
0.00381752
0.00428014
0.00495441
0.00466401
0.0046341
0.00537994
0.00566854
0.00521703
0.00521469
0.00573842
0.0058742
0.00558317
0.00503609
0.00502796
0.0023415
0.00326373
0.00384088
0.00334712
0.0037514
0.00421853
0.00384679
0.00422835
0.00490005
0.00467701
0.00459075
0.00525712
0.00559773
0.00519514
0.00510264
0.00556895
0.00573187
0.00550586
0.00500136
0.00486987
0.00239967
0.00324204
0.00381485
0.00337807
0.00372039
0.00419807
0.00387488
0.00418171
0.00483901
0.00468372
0.00455487
0.00513603
0.00551337
0.00517119
0.00500395
0.00540318
0.00558585
0.00541398
0.00497091
0.00474142
0.00245624
0.00322306
0.00378717
0.00340723
0.00369295
0.00417297
0.00390074
0.00414038
0.00477266
0.00468288
0.00452522
0.00501914
0.00541693
0.00514191
0.00491804
0.00524307
0.00543837
0.00530895
0.00493481
0.00463831
0.00251104
0.00320679
0.00375821
0.00343414
0.00366908
0.00414388
0.00392342
0.00410432
0.00470243
0.00467359
0.00450021
0.00490835
0.00531057
0.00510454
0.00484345
0.00509042
0.00529098
0.00519353
0.00488595
0.00455401
0.00256392
0.00319319
0.00372834
0.00345842
0.00364868
0.00411149
0.00394212
0.00407317
0.00462987
0.00465545
0.0044781
0.0048049
0.00519687
0.00505709
0.00477802
0.00494675
0.00514456
0.005071
0.00482076
0.00448105
0.00261475
0.00318217
0.00369794
0.00347976
0.00363153
0.00407658
0.00395644
0.00404635
0.00455645
0.00462854
0.00445704
0.00470927
0.00507865
0.00499859
0.00471897
0.00481317
0.0049997
0.00494439
0.00473901
0.00441233
0.0026634
0.00317359
0.00366741
0.00349789
0.00361732
0.00403985
0.00396518
0.00402315
0.00448343
0.00459322
0.00443523
0.0046214
0.00495869
0.00492902
0.00466321
0.00469026
0.00485699
0.00481609
0.00464301
0.00434224
0.00270979
0.00316732
0.00363708
0.00351267
0.00360566
0.00400201
0.00396851
0.00400277
0.00441188
0.00455021
0.00441117
0.00454074
0.00483947
0.00484922
0.00460769
0.00457798
0.00471719
0.00468773
0.0045365
0.00426725
0.00275383
0.00316316
0.00360729
0.00352401
0.0035961
0.0039637
0.0039664
0.00398429
0.0043426
0.00450045
0.00438365
0.00446637
0.00472301
0.00476071
0.00454975
0.00447562
0.0045813
0.00456025
0.00442359
0.00418594
0.00279549
0.0031609
0.00357833
0.00353192
0.00358816
0.00392548
0.00395897
0.00396681
0.00427615
0.00444504
0.00435179
0.00439714
0.00461074
0.00466548
0.0044874
0.00438176
0.00445047
0.00443427
0.00430794
0.00409859
0.00283473
0.00316032
0.00355043
0.00353648
0.00358133
0.00388779
0.0039465
0.00394944
0.00421278
0.00438515
0.00431508
0.00433183
0.00450353
0.00456567
0.00441947
0.00429452
0.00432574
0.00431027
0.00419226
0.0040065
0.00287153
0.00316119
0.00352379
0.0035378
0.00357512
0.003851
0.00392936
0.00393148
0.00415256
0.00432195
0.00427335
0.0042692
0.00440172
0.00446339
0.00434561
0.00421179
0.00420785
0.00418882
0.00407831
0.00391138
0.00290589
0.00316325
0.00349855
0.0035361
0.00356907
0.00381533
0.00390797
0.00391207
0.0040954
0.00425657
0.00422672
0.00420813
0.00430521
0.0043605
0.00426619
0.00413155
0.004097
0.0040706
0.00396697
0.00381487
0.00293785
0.00316628
0.00347481
0.00353159
0.00356273
0.00378091
0.00388288
0.00389079
0.004041
0.00418997
0.00417553
0.00414767
0.00421361
0.0042585
0.00418212
0.00405213
0.00399289
0.00395628
0.00385861
0.0037183
0.00296744
0.00317002
0.00345259
0.00352453
0.00355575
0.00374776
0.00385467
0.00386727
0.00398893
0.00412298
0.00412032
0.00408706
0.00412637
0.00415848
0.00409461
0.00397232
0.00389476
0.00384643
0.00375333
0.00362257
0.00299469
0.00317426
0.00343189
0.00351523
0.00354782
0.00371584
0.00382389
0.00384131
0.00393875
0.00405625
0.0040617
0.00402578
0.00404286
0.00406112
0.00400498
0.00389146
0.0038016
0.00374139
0.00365116
0.00352829
0.00301967
0.00317878
0.00341267
0.00350397
0.00353869
0.00368503
0.00379106
0.00381282
0.00388999
0.00399026
0.00400038
0.00396351
0.00396243
0.00396682
0.00391446
0.0038094
0.00371229
0.0036412
0.00355216
0.00343582
0.00304243
0.00318336
0.00339485
0.00349102
0.00352821
0.00365517
0.00375666
0.00378186
0.00384221
0.00392533
0.00393704
0.00390013
0.0038845
0.00387566
0.00382412
0.00372632
0.00362584
0.00354566
0.00345642
0.0033454
0.00306306
0.00318784
0.00337831
0.00347663
0.00351625
0.00362607
0.0037211
0.00374855
0.00379503
0.00386162
0.00387235
0.00383565
0.00380855
0.00378762
0.00373478
0.00364269
0.00354148
0.00345436
0.00336399
0.0032572
0.00308161
0.00319205
0.00336292
0.00346044
0.00350279
0.00359753
0.00368472
0.00371311
0.00374811
0.00379922
0.00380691
0.00377023
0.00373418
0.00370251
0.00364703
0.00355905
0.00345871
0.00336678
0.0032749
0.00317138
0.00309817
0.00319585
0.00334857
0.0034442
0.00348784
0.00356936
0.00364781
0.0036758
0.00370123
0.00373811
0.00374123
0.0037041
0.00366111
0.00362014
0.00356127
0.00347596
0.00337727
0.00328243
0.00318908
0.00308806
0.00311281
0.00319912
0.0033351
0.00342729
0.00347146
0.00354139
0.00361059
0.00363693
0.00365422
0.00367824
0.00367574
0.00363755
0.00358913
0.00354028
0.00347773
0.00339392
0.00329711
0.00320087
0.0031064
0.0030073
0.00312561
0.00320177
0.00332236
0.00340984
0.00345373
0.00351346
0.00357323
0.00359679
0.003607
0.00361951
0.00361077
0.00357091
0.00351816
0.00346274
0.00339653
0.00331333
0.00321832
0.00312177
0.00302667
0.00292914
0.00313665
0.00320372
0.0033102
0.00339198
0.00343476
0.00348545
0.00353585
0.00355568
0.00355955
0.00356185
0.0035466
0.00350448
0.00344817
0.00338734
0.00331768
0.00323451
0.00314104
0.00304491
0.00294972
0.00285356
0.00314601
0.00320491
0.00329847
0.00337384
0.0034147
0.00345727
0.00349854
0.00351388
0.00351193
0.00350517
0.00348341
0.00343857
0.00337922
0.00331397
0.0032412
0.00315768
0.00306546
0.00297016
0.00287536
0.00278051
0.00315377
0.0032053
0.00328704
0.0033555
0.00339369
0.0034289
0.00346139
0.00347167
0.00346421
0.00344945
0.00342136
0.00337344
0.00331139
0.00324253
0.00316704
0.00308298
0.00299175
0.0028975
0.00280345
0.00270994
0.00316
0.00320487
0.00327579
0.00333706
0.00337191
0.00340031
0.00342445
0.00342928
0.00341653
0.00339464
0.00336054
0.00330935
0.00324481
0.00317299
0.00309518
0.0030105
0.00292005
0.00282693
0.0027339
0.00264177
0.00316478
0.00320359
0.00326462
0.00331857
0.0033495
0.00337152
0.00338777
0.00338692
0.00336905
0.00334078
0.00330104
0.00324648
0.0031796
0.00310533
0.00302559
0.00294031
0.00285048
0.00275849
0.00266664
0.00257595
0.00316821
0.00320149
0.00325347
0.00330008
0.0033266
0.00334259
0.00335142
0.00334478
0.00332191
0.00328789
0.00324295
0.00318502
0.0031159
0.00303959
0.00295825
0.00287244
0.00278314
0.00269224
0.00260165
0.00251244
0.00317035
0.00319859
0.00324228
0.00328163
0.00330338
0.00331358
0.00331544
0.00330305
0.00327529
0.00323604
0.00318632
0.00312512
0.00305386
0.0029758
0.00289317
0.00280694
0.00271811
0.00262825
0.00253894
0.00245122
0.0031713
0.00319491
0.003231
0.00326326
0.00327998
0.00328461
0.00327992
0.00326189
0.00322936
0.00318533
0.00313124
0.00306691
0.00299362
0.00291405
0.00283037
0.00274382
0.00265543
0.00256656
0.00247854
0.0023923
0.00317114
0.0031905
0.00321962
0.00324501
0.00325656
0.00325577
0.00324494
0.00322143
0.00318429
0.00313585
0.00307778
0.00301051
0.00293529
0.0028544
0.00276989
0.00268312
0.00259517
0.00250724
0.00242046
0.00233567
0.00316997
0.0031854
0.00320784
0.00322693
0.00323324
0.00322719
0.0032106
0.00318184
0.00314026
0.00308773
0.00302603
0.00295603
0.00287901
0.00279695
0.00271178
0.00262489
0.00253738
0.00245035
0.00236477
0.00228138
0.00316787
0.00317971
0.00319626
0.00320909
0.00321015
0.00319901
0.003177
0.00314326
0.00309742
0.00304111
0.00297611
0.00290359
0.00282489
0.0027418
0.0026561
0.00256917
0.00248212
0.00239594
0.0023115
0.00222945
0.00316452
0.00317348
0.00318463
0.00319154
0.00318745
0.00317137
0.00314428
0.00310582
0.00305595
0.00299613
0.00292812
0.0028533
0.00277306
0.00268905
0.00260292
0.00251602
0.00242943
0.00234407
0.00226072
0.00217994
0.00316095
0.00316684
0.003173
0.00317437
0.00316525
0.00314442
0.00311257
0.00306967
0.003016
0.00295293
0.00288219
0.00280528
0.00272363
0.00263881
0.00255235
0.00246553
0.0023794
0.00229482
0.00221249
0.00213291
0.0031568
0.00315959
0.00316145
0.00315763
0.00314369
0.00311832
0.00308201
0.00303499
0.00297776
0.00291168
0.00283845
0.00275965
0.00267673
0.00259119
0.00250446
0.00241776
0.0023321
0.00224826
0.00216689
0.00208843
0.00315218
0.00315246
0.00315009
0.00314145
0.00312292
0.00309324
0.00305276
0.00300192
0.00294139
0.00287254
0.00279705
0.00271654
0.00263249
0.00254632
0.00245938
0.00237283
0.00228761
0.00220448
0.002124
0.00204658
0.00314724
0.00314524
0.00313902
0.00312593
0.00310308
0.00306934
0.00302501
0.00297064
0.00290707
0.00283569
0.00275816
0.00267612
0.00259105
0.00250433
0.00241722
0.00233084
0.00224606
0.00216358
0.00208393
0.00200746
0.00314212
0.00313804
0.00312835
0.0031112
0.00308432
0.00304681
0.00299893
0.00294133
0.00287499
0.0028013
0.00272194
0.00263854
0.00255256
0.00246535
0.00237813
0.00229191
0.00220754
0.00212568
0.00204679
0.00197119
0.00313696
0.00313101
0.00311821
0.00309738
0.00306682
0.00302583
0.00297471
0.00291421
0.00284535
0.00276959
0.00268859
0.00260396
0.00251719
0.00242956
0.00234224
0.00225619
0.00217221
0.00209091
0.00201271
0.00193789
0.00313192
0.00312431
0.00310876
0.00308465
0.00305074
0.00300659
0.00295258
0.00288947
0.00281837
0.00274076
0.0026583
0.00257261
0.00248514
0.00239714
0.00230973
0.00222383
0.00214021
0.00205941
0.00198183
0.00190772
0.00312714
0.00311809
0.00310015
0.00307315
0.00303628
0.00298932
0.00293273
0.00286733
0.00279427
0.00271504
0.0026313
0.00254468
0.00245661
0.0023683
0.00228081
0.00219503
0.00211169
0.00203134
0.0019543
0.00188082
0.00312279
0.00311252
0.00309256
0.00306309
0.00302365
0.00297427
0.00291547
0.00284809
0.00277332
0.00269267
0.00260783
0.00252041
0.00243182
0.00234324
0.00225568
0.00217001
0.00208689
0.00200685
0.00193024
0.00185727
0.00311905
0.00310776
0.00308614
0.00305465
0.00301309
0.0029617
0.00290108
0.00283207
0.0027559
0.00267407
0.00258832
0.00250023
0.00241119
0.00232237
0.00223475
0.00214915
0.0020662
0.00198635
0.00190992
0.00183712
0.00311607
0.00310397
0.00308103
0.00304796
0.00300476
0.00295183
0.00288981
0.00281958
0.00274234
0.00265965
0.00257322
0.00248465
0.00239528
0.00230626
0.00221857
0.00213302
0.00205024
0.0019707
0.00189469
0.00182241
0.00311385
0.00310108
0.00307714
0.00304276
0.00299818
0.0029439
0.00288064
0.00280927
0.00273102
0.00264747
0.00256036
0.00247126
0.00238151
0.00229223
0.00220436
0.00211868
0.00203579
0.00195616
0.00188009
0.00180773
0.022955
0.0147584
0.00614772
4.62376e-05
-0.00245838
-0.00235494
-0.00180492
-0.00162037
-0.00164195
-0.00184376
-0.00202838
-0.00191244
-0.00176869
-0.00187369
-0.00198339
-0.00192153
-0.00187344
-0.00196491
-0.00211423
-0.00225507
-0.00240771
-0.0025925
-0.0028013
-0.00302454
-0.00326086
-0.00351045
-0.00377243
-0.00404596
-0.00433072
-0.00462659
-0.00493351
-0.00525145
-0.00558049
-0.00592073
-0.00627233
-0.00663547
-0.00701038
-0.0073973
-0.00779654
-0.00820838
-0.00863314
-0.00907119
-0.00952287
-0.00998862
-0.0104687
-0.0109639
-0.0114739
-0.0120004
-0.0125417
-0.0131022
-0.0136754
-0.0142728
-0.0148786
-0.0155134
-0.0161559
-0.0168176
-0.0175054
-0.0181743
-0.0188627
-0.0195317
0.0220104
0.014633
0.00618732
0.000129259
-0.00240347
-0.00232915
-0.00178993
-0.00161079
-0.00163571
-0.0018398
-0.00202654
-0.00191156
-0.00176797
-0.00187327
-0.00198333
-0.00192156
-0.00187345
-0.00196493
-0.00211427
-0.0022551
-0.00240772
-0.00259251
-0.0028013
-0.00302454
-0.00326086
-0.00351045
-0.00377243
-0.00404596
-0.00433072
-0.00462659
-0.00493351
-0.00525145
-0.00558049
-0.00592073
-0.00627233
-0.00663547
-0.00701038
-0.0073973
-0.00779654
-0.00820838
-0.00863314
-0.00907119
-0.00952287
-0.00998862
-0.0104687
-0.0109639
-0.0114739
-0.0120004
-0.0125417
-0.0131022
-0.0136754
-0.0142728
-0.0148786
-0.0155134
-0.0161559
-0.0168176
-0.0175054
-0.0181743
-0.0188627
-0.0195317
0.0212967
0.0145448
0.00628526
0.000291478
-0.00230362
-0.00229207
-0.00177305
-0.00159811
-0.00162489
-0.00183119
-0.00202064
-0.00190812
-0.00176609
-0.00187224
-0.00198271
-0.00192116
-0.00187329
-0.00196493
-0.0021143
-0.0022551
-0.00240772
-0.00259251
-0.00280131
-0.00302455
-0.00326086
-0.00351045
-0.00377243
-0.00404596
-0.00433072
-0.00462659
-0.00493351
-0.00525145
-0.00558049
-0.00592073
-0.00627233
-0.00663547
-0.00701038
-0.0073973
-0.00779654
-0.00820838
-0.00863314
-0.00907119
-0.00952287
-0.00998862
-0.0104687
-0.0109639
-0.0114739
-0.0120004
-0.0125417
-0.0131022
-0.0136754
-0.0142728
-0.0148786
-0.0155134
-0.0161559
-0.0168176
-0.0175054
-0.0181743
-0.0188627
-0.0195318
0.0206264
0.0144361
0.00640014
0.000490017
-0.00216964
-0.00223941
-0.00174727
-0.0015772
-0.00160595
-0.00181441
-0.00200741
-0.00189975
-0.0017616
-0.0018694
-0.00198048
-0.00191973
-0.00187276
-0.00196485
-0.0021143
-0.00225507
-0.00240771
-0.00259253
-0.00280132
-0.00302455
-0.00326086
-0.00351045
-0.00377243
-0.00404596
-0.00433072
-0.00462659
-0.00493351
-0.00525145
-0.00558049
-0.00592073
-0.00627233
-0.00663547
-0.00701038
-0.0073973
-0.00779654
-0.00820838
-0.00863314
-0.00907119
-0.00952287
-0.00998862
-0.0104687
-0.0109639
-0.0114739
-0.0120004
-0.0125417
-0.0131022
-0.0136754
-0.0142728
-0.0148786
-0.0155134
-0.0161559
-0.0168176
-0.0175054
-0.0181743
-0.0188627
-0.0195318
0.019959
0.0143018
0.00651806
0.000697344
-0.0020246
-0.00218
-0.00171696
-0.00155065
-0.00158026
-0.00179004
-0.00198682
-0.00188614
-0.00175409
-0.0018644
-0.00197632
-0.00191697
-0.00187158
-0.00196448
-0.00211411
-0.00225495
-0.00240769
-0.00259255
-0.00280134
-0.00302456
-0.00326086
-0.00351045
-0.00377243
-0.00404596
-0.00433072
-0.00462659
-0.0049335
-0.00525145
-0.00558049
-0.00592073
-0.00627232
-0.00663547
-0.00701038
-0.0073973
-0.00779654
-0.00820838
-0.00863314
-0.00907119
-0.00952287
-0.00998862
-0.0104687
-0.0109639
-0.0114739
-0.0120004
-0.0125417
-0.0131022
-0.0136754
-0.0142728
-0.0148786
-0.0155134
-0.0161559
-0.0168176
-0.0175054
-0.0181743
-0.0188628
-0.0195319
0.0193026
0.0141498
0.00663567
0.000905804
-0.00187524
-0.00211783
-0.00168553
-0.00152197
-0.00155122
-0.0017615
-0.00196188
-0.00186909
-0.00174436
-0.00185763
-0.00197054
-0.00191303
-0.00186976
-0.00196378
-0.00211371
-0.0022547
-0.00240761
-0.00259256
-0.00280136
-0.00302457
-0.00326087
-0.00351046
-0.00377243
-0.00404595
-0.00433072
-0.00462659
-0.0049335
-0.00525145
-0.00558049
-0.00592073
-0.00627232
-0.00663547
-0.00701038
-0.0073973
-0.00779654
-0.00820838
-0.00863314
-0.00907119
-0.00952287
-0.00998862
-0.0104687
-0.0109639
-0.0114739
-0.0120004
-0.0125417
-0.0131022
-0.0136754
-0.0142728
-0.0148786
-0.0155134
-0.0161559
-0.0168176
-0.0175054
-0.0181743
-0.0188628
-0.019532
0.0186654
0.0139819
0.00675086
0.0011144
-0.0017225
-0.00205352
-0.00165389
-0.00149251
-0.00152049
-0.0017309
-0.00193483
-0.00185032
-0.00173342
-0.00184988
-0.00196383
-0.00190836
-0.00186748
-0.0019628
-0.00211314
-0.00225435
-0.00240748
-0.00259255
-0.00280138
-0.00302457
-0.00326087
-0.00351045
-0.00377242
-0.00404595
-0.00433071
-0.00462659
-0.0049335
-0.00525145
-0.00558049
-0.00592073
-0.00627232
-0.00663547
-0.00701038
-0.0073973
-0.00779654
-0.00820838
-0.00863314
-0.00907119
-0.00952287
-0.00998862
-0.0104687
-0.0109639
-0.0114739
-0.0120004
-0.0125417
-0.0131022
-0.0136754
-0.0142728
-0.0148786
-0.0155134
-0.0161559
-0.0168176
-0.0175054
-0.0181743
-0.0188629
-0.0195322
0.0180494
0.0137986
0.00686288
0.00132292
-0.00156671
-0.0019871
-0.00162219
-0.00146274
-0.00148872
-0.00169909
-0.00190665
-0.00183062
-0.00172181
-0.00184162
-0.00195664
-0.00190327
-0.00186492
-0.00196165
-0.00211245
-0.00225392
-0.00240731
-0.00259252
-0.00280138
-0.00302457
-0.00326086
-0.00351045
-0.00377242
-0.00404594
-0.00433071
-0.00462658
-0.0049335
-0.00525144
-0.00558048
-0.00592073
-0.00627232
-0.00663547
-0.00701038
-0.0073973
-0.00779654
-0.00820838
-0.00863314
-0.00907119
-0.00952287
-0.00998862
-0.0104687
-0.0109639
-0.0114739
-0.0120004
-0.0125417
-0.0131022
-0.0136754
-0.0142728
-0.0148786
-0.0155134
-0.0161559
-0.0168176
-0.0175054
-0.0181744
-0.018863
-0.0195323
0.0174564
0.013601
0.00697005
0.00153052
-0.00140802
-0.00191834
-0.00159042
-0.00143295
-0.0014562
-0.00166632
-0.00187762
-0.00181024
-0.00170974
-0.00183305
-0.00194917
-0.00189791
-0.00186215
-0.00196038
-0.00211168
-0.00225343
-0.00240709
-0.00259247
-0.00280137
-0.00302457
-0.00326086
-0.00351044
-0.00377241
-0.00404594
-0.0043307
-0.00462658
-0.00493349
-0.00525144
-0.00558048
-0.00592072
-0.00627232
-0.00663547
-0.00701037
-0.0073973
-0.00779654
-0.00820837
-0.00863314
-0.00907119
-0.00952287
-0.00998862
-0.0104687
-0.0109639
-0.0114739
-0.0120004
-0.0125417
-0.0131022
-0.0136754
-0.0142728
-0.0148786
-0.0155134
-0.0161559
-0.0168177
-0.0175054
-0.0181744
-0.0188631
-0.0195325
0.0168873
0.0133897
0.00707034
0.00173678
-0.00124625
-0.00184696
-0.00155857
-0.00140333
-0.00142305
-0.00163264
-0.00184777
-0.00178922
-0.00169726
-0.00182423
-0.00194148
-0.00189232
-0.0018592
-0.00195901
-0.00211085
-0.0022529
-0.00240685
-0.0025924
-0.00280135
-0.00302455
-0.00326084
-0.00351043
-0.0037724
-0.00404592
-0.00433069
-0.00462657
-0.00493348
-0.00525143
-0.00558048
-0.00592072
-0.00627232
-0.00663546
-0.00701037
-0.0073973
-0.00779653
-0.00820837
-0.00863314
-0.00907119
-0.00952287
-0.00998862
-0.0104687
-0.0109639
-0.0114739
-0.0120004
-0.0125417
-0.0131022
-0.0136754
-0.0142728
-0.0148786
-0.0155134
-0.0161559
-0.0168177
-0.0175054
-0.0181744
-0.0188632
-0.0195326
0.0163423
0.0131652
0.00716239
0.00194146
-0.00108127
-0.00177267
-0.00152656
-0.001374
-0.00138936
-0.00159802
-0.00181706
-0.00176754
-0.00168436
-0.00181516
-0.00193358
-0.0018865
-0.00185608
-0.00195753
-0.00210996
-0.00225232
-0.00240657
-0.00259231
-0.00280132
-0.00302453
-0.00326082
-0.00351041
-0.00377238
-0.00404591
-0.00433068
-0.00462656
-0.00493348
-0.00525143
-0.00558047
-0.00592072
-0.00627231
-0.00663546
-0.00701037
-0.0073973
-0.00779653
-0.00820837
-0.00863314
-0.00907119
-0.00952287
-0.00998862
-0.0104687
-0.0109639
-0.0114739
-0.0120004
-0.0125417
-0.0131022
-0.0136754
-0.0142728
-0.0148786
-0.0155134
-0.0161559
-0.0168177
-0.0175054
-0.0181745
-0.0188633
-0.0195328
0.015821
0.0129289
0.00724507
0.0021441
-0.000913051
-0.00169517
-0.00149426
-0.00134509
-0.00135521
-0.00156244
-0.00178544
-0.00174519
-0.00167105
-0.00180586
-0.00192546
-0.00188047
-0.00185278
-0.00195595
-0.00210901
-0.0022517
-0.00240625
-0.00259219
-0.00280127
-0.00302449
-0.00326079
-0.00351039
-0.00377236
-0.00404589
-0.00433066
-0.00462655
-0.00493347
-0.00525142
-0.00558047
-0.00592071
-0.00627231
-0.00663546
-0.00701037
-0.0073973
-0.00779653
-0.00820837
-0.00863314
-0.00907119
-0.00952287
-0.00998862
-0.0104687
-0.0109639
-0.0114739
-0.0120004
-0.0125417
-0.0131022
-0.0136754
-0.0142728
-0.0148786
-0.0155134
-0.0161559
-0.0168177
-0.0175055
-0.0181745
-0.0188634
-0.0195329
0.0153231
0.0126824
0.00731726
0.00234414
-0.00074161
-0.00161416
-0.00146153
-0.00131672
-0.00132073
-0.0015259
-0.00175289
-0.00172215
-0.00165731
-0.00179631
-0.00191713
-0.00187419
-0.00184929
-0.00195425
-0.002108
-0.00225103
-0.0024059
-0.00259205
-0.0028012
-0.00302445
-0.00326075
-0.00351035
-0.00377233
-0.00404587
-0.00433065
-0.00462653
-0.00493346
-0.00525141
-0.00558046
-0.00592071
-0.00627231
-0.00663545
-0.00701037
-0.0073973
-0.00779653
-0.00820837
-0.00863314
-0.00907119
-0.00952287
-0.00998862
-0.0104687
-0.0109639
-0.0114739
-0.0120004
-0.0125417
-0.0131022
-0.0136754
-0.0142728
-0.0148786
-0.0155134
-0.0161559
-0.0168177
-0.0175055
-0.0181745
-0.0188636
-0.0195331
0.0148477
0.0124271
0.00737798
0.00254083
-0.000567132
-0.00152937
-0.00142818
-0.00128901
-0.00128605
-0.00148841
-0.00171937
-0.00169839
-0.00164313
-0.0017865
-0.00190857
-0.00186768
-0.0018456
-0.00195244
-0.00210692
-0.00225031
-0.00240551
-0.00259188
-0.00280112
-0.00302439
-0.00326071
-0.00351032
-0.0037723
-0.00404584
-0.00433063
-0.00462652
-0.00493344
-0.0052514
-0.00558045
-0.0059207
-0.0062723
-0.00663545
-0.00701036
-0.00739729
-0.00779653
-0.00820837
-0.00863313
-0.00907119
-0.00952287
-0.00998862
-0.0104687
-0.0109639
-0.0114739
-0.0120004
-0.0125417
-0.0131022
-0.0136754
-0.0142728
-0.0148786
-0.0155134
-0.0161559
-0.0168178
-0.0175055
-0.0181746
-0.0188637
-0.0195333
0.0143939
0.0121649
0.00742636
0.00273326
-0.00038991
-0.00144045
-0.00139394
-0.00126201
-0.00125135
-0.00145001
-0.00168484
-0.00167389
-0.0016285
-0.00177643
-0.00189978
-0.00186092
-0.00184171
-0.00195051
-0.00210576
-0.00224953
-0.00240508
-0.00259168
-0.00280102
-0.00302432
-0.00326065
-0.00351027
-0.00377227
-0.00404581
-0.0043306
-0.0046265
-0.00493343
-0.00525139
-0.00558044
-0.00592069
-0.0062723
-0.00663545
-0.00701036
-0.00739729
-0.00779653
-0.00820837
-0.00863313
-0.00907118
-0.00952287
-0.00998862
-0.0104687
-0.0109639
-0.0114739
-0.0120004
-0.0125417
-0.0131022
-0.0136754
-0.0142728
-0.0148786
-0.0155134
-0.0161559
-0.0168178
-0.0175056
-0.0181746
-0.0188639
-0.0195335
0.0139605
0.0118975
0.00746174
0.00292042
-0.000210299
-0.00134706
-0.00135847
-0.00123582
-0.00121681
-0.00141075
-0.00164926
-0.0016486
-0.00161341
-0.00176609
-0.00189076
-0.00185391
-0.00183761
-0.00194844
-0.00210453
-0.0022487
-0.0024046
-0.00259145
-0.0028009
-0.00302423
-0.00326058
-0.00351022
-0.00377223
-0.00404578
-0.00433057
-0.00462647
-0.00493341
-0.00525138
-0.00558043
-0.00592068
-0.00627229
-0.00663544
-0.00701036
-0.00739729
-0.00779653
-0.00820837
-0.00863313
-0.00907118
-0.00952286
-0.00998862
-0.0104687
-0.0109639
-0.0114739
-0.0120004
-0.0125417
-0.0131022
-0.0136754
-0.0142728
-0.0148786
-0.0155134
-0.0161559
-0.0168178
-0.0175056
-0.0181747
-0.018864
-0.0195337
0.0135468
0.0116266
0.00748363
0.00310126
-2.87039e-05
-0.00124885
-0.00132144
-0.00121049
-0.00118266
-0.00137068
-0.00161258
-0.0016225
-0.00159783
-0.00175548
-0.00188151
-0.00184664
-0.00183329
-0.00194624
-0.00210322
-0.0022478
-0.00240407
-0.00259119
-0.00280076
-0.00302413
-0.0032605
-0.00351016
-0.00377218
-0.00404574
-0.00433054
-0.00462645
-0.00493339
-0.00525136
-0.00558042
-0.00592068
-0.00627228
-0.00663544
-0.00701035
-0.00739729
-0.00779652
-0.00820836
-0.00863313
-0.00907118
-0.00952286
-0.00998862
-0.0104687
-0.0109639
-0.0114739
-0.0120004
-0.0125417
-0.0131022
-0.0136754
-0.0142728
-0.0148786
-0.0155135
-0.0161559
-0.0168178
-0.0175056
-0.0181747
-0.0188642
-0.019534
0.0131516
0.011354
0.00749178
0.00327476
0.000154347
-0.00114556
-0.0012825
-0.00118601
-0.00114908
-0.0013299
-0.00157478
-0.00159553
-0.00158176
-0.0017446
-0.00187201
-0.00183911
-0.00182874
-0.00194389
-0.00210182
-0.00224685
-0.00240349
-0.00259089
-0.00280059
-0.00302401
-0.00326041
-0.00351009
-0.00377212
-0.0040457
-0.00433051
-0.00462642
-0.00493337
-0.00525134
-0.00558041
-0.00592066
-0.00627227
-0.00663543
-0.00701035
-0.00739728
-0.00779652
-0.00820836
-0.00863313
-0.00907118
-0.00952286
-0.00998862
-0.0104687
-0.0109639
-0.0114739
-0.0120004
-0.0125417
-0.0131022
-0.0136754
-0.0142728
-0.0148786
-0.0155135
-0.016156
-0.0168179
-0.0175057
-0.0181748
-0.0188644
-0.0195342
0.0127737
0.011081
0.00748628
0.00343991
0.000338138
-0.00103703
-0.00124116
-0.00116228
-0.0011163
-0.00128854
-0.00153584
-0.00156765
-0.00156517
-0.00173343
-0.00186228
-0.00183131
-0.00182396
-0.00194139
-0.00210032
-0.00224582
-0.00240286
-0.00259056
-0.0028004
-0.00302388
-0.00326031
-0.00351001
-0.00377206
-0.00404565
-0.00433047
-0.00462639
-0.00493334
-0.00525132
-0.00558039
-0.00592065
-0.00627226
-0.00663542
-0.00701034
-0.00739728
-0.00779652
-0.00820836
-0.00863313
-0.00907118
-0.00952286
-0.00998862
-0.0104687
-0.0109639
-0.0114739
-0.0120004
-0.0125417
-0.0131022
-0.0136754
-0.0142728
-0.0148786
-0.0155135
-0.016156
-0.0168179
-0.0175057
-0.0181749
-0.0188646
-0.0195344
0.012412
0.0108091
0.00746753
0.00359567
0.000521844
-0.000923102
-0.00119692
-0.0011392
-0.00108455
-0.00124677
-0.00149573
-0.00153881
-0.00154803
-0.00172198
-0.00185231
-0.00182323
-0.00181893
-0.00193873
-0.00209873
-0.00224472
-0.00240218
-0.00259018
-0.00280018
-0.00302372
-0.00326019
-0.00350992
-0.00377199
-0.00404559
-0.00433042
-0.00462636
-0.00493332
-0.0052513
-0.00558037
-0.00592064
-0.00627225
-0.00663541
-0.00701034
-0.00739727
-0.00779651
-0.00820836
-0.00863313
-0.00907118
-0.00952286
-0.00998862
-0.0104687
-0.0109639
-0.0114739
-0.0120004
-0.0125417
-0.0131022
-0.0136754
-0.0142728
-0.0148786
-0.0155135
-0.016156
-0.0168179
-0.0175058
-0.0181749
-0.0188648
-0.0195347
0.0120652
0.0105396
0.00743609
0.00374108
0.000704597
-0.000803727
-0.00114929
-0.00111659
-0.00105406
-0.00120477
-0.00145447
-0.00150893
-0.00153031
-0.00171023
-0.0018421
-0.00181488
-0.00181364
-0.00193589
-0.00209704
-0.00224355
-0.00240143
-0.00258976
-0.00279993
-0.00302355
-0.00326006
-0.00350982
-0.00377191
-0.00404553
-0.00433037
-0.00462632
-0.00493329
-0.00525128
-0.00558035
-0.00592063
-0.00627224
-0.00663541
-0.00701033
-0.00739727
-0.00779651
-0.00820836
-0.00863312
-0.00907118
-0.00952286
-0.00998862
-0.0104687
-0.0109639
-0.0114739
-0.0120004
-0.0125417
-0.0131022
-0.0136754
-0.0142728
-0.0148786
-0.0155135
-0.016156
-0.016818
-0.0175058
-0.018175
-0.018865
-0.019535
0.011732
0.0102736
0.00739271
0.00387533
0.000885438
-0.000679023
-0.00109776
-0.0010942
-0.00102499
-0.00116277
-0.00141207
-0.00147796
-0.00151197
-0.00169819
-0.00183166
-0.00180625
-0.00180809
-0.00193288
-0.00209524
-0.0022423
-0.00240062
-0.00258929
-0.00279965
-0.00302335
-0.00325991
-0.0035097
-0.00377182
-0.00404546
-0.00433032
-0.00462627
-0.00493325
-0.00525125
-0.00558033
-0.00592061
-0.00627223
-0.0066354
-0.00701032
-0.00739726
-0.00779651
-0.00820835
-0.00863312
-0.00907118
-0.00952286
-0.00998862
-0.0104687
-0.0109639
-0.0114739
-0.0120004
-0.0125417
-0.0131022
-0.0136754
-0.0142728
-0.0148786
-0.0155135
-0.016156
-0.016818
-0.0175059
-0.0181751
-0.0188652
-0.0195353
0.0114114
0.0100118
0.00733834
0.00399776
0.0010633
-0.000549279
-0.00104182
-0.00107164
-0.000997498
-0.00112105
-0.00136858
-0.00144582
-0.00149297
-0.00168585
-0.00182098
-0.00179733
-0.00180226
-0.00192967
-0.00209332
-0.00224096
-0.00239974
-0.00258878
-0.00279934
-0.00302313
-0.00325974
-0.00350957
-0.00377172
-0.00404538
-0.00433026
-0.00462623
-0.00493321
-0.00525122
-0.00558031
-0.00592059
-0.00627222
-0.00663539
-0.00701031
-0.00739726
-0.0077965
-0.00820835
-0.00863312
-0.00907117
-0.00952286
-0.00998861
-0.0104687
-0.0109639
-0.0114739
-0.0120004
-0.0125417
-0.0131022
-0.0136754
-0.0142728
-0.0148786
-0.0155135
-0.016156
-0.0168181
-0.017506
-0.0181752
-0.0188654
-0.0195356
0.0111023
0.00975491
0.00727406
0.0041079
0.00123708
-0.00041492
-0.000980963
-0.00104849
-0.000971699
-0.00107991
-0.00132408
-0.00141244
-0.00147324
-0.00167319
-0.00181009
-0.00178814
-0.00179614
-0.00192626
-0.00209128
-0.00223954
-0.00239879
-0.00258821
-0.00279899
-0.00302288
-0.00325955
-0.00350943
-0.00377161
-0.00404529
-0.00433019
-0.00462617
-0.00493317
-0.00525119
-0.00558029
-0.00592057
-0.0062722
-0.00663537
-0.0070103
-0.00739725
-0.0077965
-0.00820834
-0.00863312
-0.00907117
-0.00952286
-0.00998861
-0.0104687
-0.0109639
-0.0114739
-0.0120004
-0.0125417
-0.0131022
-0.0136754
-0.0142728
-0.0148786
-0.0155135
-0.0161561
-0.0168181
-0.017506
-0.0181752
-0.0188657
-0.0195359
0.0108041
0.00950332
0.007201
0.00420549
0.0014057
-0.000276561
-0.000914734
-0.00102423
-0.000947641
-0.00103969
-0.00127869
-0.00137775
-0.00145272
-0.00166021
-0.00179899
-0.00177866
-0.00178973
-0.00192264
-0.0020891
-0.00223802
-0.00239777
-0.00258759
-0.0027986
-0.00302261
-0.00325935
-0.00350927
-0.00377149
-0.0040452
-0.00433011
-0.00462612
-0.00493313
-0.00525115
-0.00558026
-0.00592055
-0.00627219
-0.00663536
-0.0070103
-0.00739724
-0.00779649
-0.00820834
-0.00863311
-0.00907117
-0.00952286
-0.00998861
-0.0104687
-0.0109639
-0.0114739
-0.0120004
-0.0125417
-0.0131022
-0.0136754
-0.0142728
-0.0148786
-0.0155136
-0.0161561
-0.0168181
-0.0175061
-0.0181753
-0.0188659
-0.0195362
0.0105161
0.00925734
0.00712028
0.00429055
0.00156809
-0.000135065
-0.000842792
-0.000998248
-0.000925282
-0.00100074
-0.00123257
-0.00134168
-0.00143132
-0.00164689
-0.0017877
-0.00176891
-0.00178301
-0.00191879
-0.0020868
-0.00223641
-0.00239667
-0.00258691
-0.00279817
-0.00302231
-0.00325912
-0.0035091
-0.00377135
-0.00404509
-0.00433003
-0.00462605
-0.00493308
-0.00525111
-0.00558023
-0.00592053
-0.00627217
-0.00663535
-0.00701028
-0.00739724
-0.00779649
-0.00820834
-0.00863311
-0.00907117
-0.00952285
-0.00998861
-0.0104687
-0.0109638
-0.0114739
-0.0120004
-0.0125417
-0.0131022
-0.0136754
-0.0142728
-0.0148786
-0.0155136
-0.0161561
-0.0168182
-0.0175062
-0.0181754
-0.0188662
-0.0195365
0.0102382
0.00901714
0.00703292
0.00436326
0.00172324
8.51818e-06
-0.000764894
-0.000969855
-0.000904485
-0.000963419
-0.00118594
-0.00130417
-0.00140894
-0.00163321
-0.00177622
-0.00175889
-0.00177598
-0.00191471
-0.00208435
-0.0022347
-0.00239548
-0.00258616
-0.0027977
-0.00302197
-0.00325887
-0.00350891
-0.0037712
-0.00404498
-0.00432994
-0.00462598
-0.00493302
-0.00525107
-0.0055802
-0.0059205
-0.00627215
-0.00663533
-0.00701027
-0.00739723
-0.00779648
-0.00820833
-0.00863311
-0.00907117
-0.00952285
-0.00998861
-0.0104687
-0.0109638
-0.0114739
-0.0120004
-0.0125417
-0.0131022
-0.0136754
-0.0142728
-0.0148787
-0.0155136
-0.0161561
-0.0168183
-0.0175063
-0.0181755
-0.0188664
-0.0195369
0.00997039
0.00878272
0.00693984
0.00442406
0.00187032
0.000153035
-0.000680951
-0.000938342
-0.000885012
-0.000928072
-0.00113908
-0.0012652
-0.00138548
-0.00161913
-0.00176459
-0.00174861
-0.00176862
-0.00191037
-0.00208174
-0.00223288
-0.00239421
-0.00258535
-0.00279718
-0.0030216
-0.00325859
-0.00350869
-0.00377104
-0.00404485
-0.00432984
-0.0046259
-0.00493296
-0.00525102
-0.00558016
-0.00592048
-0.00627213
-0.00663531
-0.00701026
-0.00739722
-0.00779647
-0.00820833
-0.0086331
-0.00907116
-0.00952285
-0.00998861
-0.0104687
-0.0109638
-0.0114739
-0.0120004
-0.0125417
-0.0131022
-0.0136755
-0.0142728
-0.0148787
-0.0155136
-0.0161562
-0.0168183
-0.0175064
-0.0181756
-0.0188667
-0.0195372
0.00971252
0.00855412
0.00684189
0.00447356
0.00200866
0.000297271
-0.000591079
-0.000903005
-0.000866509
-0.000895012
-0.00109231
-0.00122475
-0.00136081
-0.00160462
-0.00175282
-0.00173809
-0.00176092
-0.00190577
-0.00207898
-0.00223095
-0.00239285
-0.00258447
-0.00279661
-0.0030212
-0.00325828
-0.00350846
-0.00377086
-0.00404471
-0.00432974
-0.00462582
-0.0049329
-0.00525097
-0.00558012
-0.00592045
-0.0062721
-0.0066353
-0.00701025
-0.00739721
-0.00779646
-0.00820832
-0.0086331
-0.00907116
-0.00952285
-0.00998861
-0.0104687
-0.0109638
-0.0114739
-0.0120004
-0.0125417
-0.0131022
-0.0136755
-0.0142728
-0.0148787
-0.0155136
-0.0161562
-0.0168184
-0.0175065
-0.0181757
-0.018867
-0.0195376
0.0094645
0.00833145
0.00673979
0.00451237
0.00213768
0.000440007
-0.0004956
-0.000863173
-0.00084849
-0.000864487
-0.00104602
-0.00118286
-0.00133479
-0.00158962
-0.00174093
-0.00172734
-0.00175287
-0.00190088
-0.00207605
-0.00222891
-0.0023914
-0.00258351
-0.00279598
-0.00302076
-0.00325795
-0.00350821
-0.00377067
-0.00404456
-0.00432962
-0.00462573
-0.00493283
-0.00525092
-0.00558008
-0.00592041
-0.00627208
-0.00663528
-0.00701023
-0.0073972
-0.00779646
-0.00820831
-0.00863309
-0.00907116
-0.00952285
-0.00998861
-0.0104687
-0.0109638
-0.0114739
-0.0120004
-0.0125417
-0.0131022
-0.0136755
-0.0142729
-0.0148787
-0.0155137
-0.0161562
-0.0168184
-0.0175066
-0.0181759
-0.0188673
-0.019538
0.0092261
0.00811484
0.00663413
0.00454111
0.00225706
0.000580096
-0.000395058
-0.000818264
-0.00083036
-0.000836662
-0.00100066
-0.00113961
-0.00130727
-0.00157406
-0.00172896
-0.00171638
-0.00174448
-0.00189569
-0.00207294
-0.00222676
-0.00238984
-0.00258247
-0.0027953
-0.00302027
-0.00325759
-0.00350793
-0.00377046
-0.0040444
-0.00432949
-0.00462563
-0.00493275
-0.00525086
-0.00558003
-0.00592038
-0.00627205
-0.00663526
-0.00701022
-0.00739718
-0.00779645
-0.00820831
-0.00863309
-0.00907115
-0.00952284
-0.0099886
-0.0104687
-0.0109638
-0.0114739
-0.0120004
-0.0125417
-0.0131022
-0.0136755
-0.0142729
-0.0148787
-0.0155137
-0.0161563
-0.0168185
-0.0175068
-0.018176
-0.0188677
-0.0195384
0.00899667
0.00790445
0.00652548
0.00456046
0.00236668
0.000716502
-0.000290223
-0.000767824
-0.000811409
-0.000811587
-0.000956739
-0.00109513
-0.00127811
-0.00155784
-0.00171691
-0.00170526
-0.00173572
-0.00189019
-0.00206964
-0.00222447
-0.00238818
-0.00258135
-0.00279456
-0.00301975
-0.00325719
-0.00350763
-0.00377023
-0.00404422
-0.00432935
-0.00462552
-0.00493267
-0.00525079
-0.00557998
-0.00592034
-0.00627202
-0.00663523
-0.0070102
-0.00739717
-0.00779644
-0.0082083
-0.00863308
-0.00907115
-0.00952284
-0.0099886
-0.0104687
-0.0109638
-0.0114739
-0.0120004
-0.0125417
-0.0131022
-0.0136755
-0.0142729
-0.0148787
-0.0155137
-0.0161563
-0.0168186
-0.0175069
-0.0181761
-0.018868
-0.0195388
0.00877511
0.00770044
0.00641436
0.00457101
0.00246659
0.000848293
-0.000182074
-0.000711566
-0.000790824
-0.000789178
-0.000914761
-0.00104965
-0.00124715
-0.00154085
-0.00170482
-0.001694
-0.00172661
-0.00188435
-0.00206614
-0.00222207
-0.00238642
-0.00258014
-0.00279375
-0.00301918
-0.00325676
-0.00350731
-0.00376998
-0.00404403
-0.0043292
-0.00462541
-0.00493258
-0.00525072
-0.00557992
-0.0059203
-0.00627199
-0.00663521
-0.00701018
-0.00739716
-0.00779643
-0.00820829
-0.00863308
-0.00907114
-0.00952284
-0.0099886
-0.0104687
-0.0109638
-0.0114739
-0.0120004
-0.0125417
-0.0131022
-0.0136755
-0.0142729
-0.0148787
-0.0155137
-0.0161564
-0.0168187
-0.017507
-0.0181763
-0.0188683
-0.0195393
0.00855999
0.0075028
0.00630136
0.00457329
0.00255698
0.000974715
-7.17556e-05
-0.000649413
-0.000767737
-0.000769202
-0.000875259
-0.00100346
-0.00121427
-0.00152295
-0.00169269
-0.00168265
-0.00171713
-0.00187816
-0.00206243
-0.00221953
-0.00238454
-0.00257884
-0.00279288
-0.00301855
-0.0032563
-0.00350695
-0.00376971
-0.00404382
-0.00432904
-0.00462528
-0.00493248
-0.00525065
-0.00557986
-0.00592025
-0.00627195
-0.00663518
-0.00701016
-0.00739714
-0.00779641
-0.00820828
-0.00863307
-0.00907114
-0.00952283
-0.0099886
-0.0104687
-0.0109638
-0.0114739
-0.0120004
-0.0125417
-0.0131022
-0.0136755
-0.0142729
-0.0148788
-0.0155138
-0.0161564
-0.0168187
-0.0175072
-0.0181764
-0.0188687
-0.0195397
0.00834982
0.00731133
0.0061871
0.00456782
0.00263815
0.00109522
3.95025e-05
-0.000581519
-0.000741277
-0.000751256
-0.000838725
-0.000956935
-0.00117935
-0.00150396
-0.00168052
-0.00167125
-0.00170729
-0.0018716
-0.0020585
-0.00221685
-0.00238255
-0.00257743
-0.00279193
-0.00301788
-0.00325579
-0.00350656
-0.00376941
-0.00404359
-0.00432886
-0.00462514
-0.00493237
-0.00525056
-0.0055798
-0.0059202
-0.00627192
-0.00663515
-0.00701014
-0.00739712
-0.0077964
-0.00820827
-0.00863306
-0.00907114
-0.00952283
-0.00998859
-0.0104687
-0.0109638
-0.0114739
-0.0120004
-0.0125417
-0.0131022
-0.0136755
-0.0142729
-0.0148788
-0.0155138
-0.0161565
-0.0168188
-0.0175074
-0.0181766
-0.0188691
-0.0195402
0.00814345
0.00712556
0.00607226
0.00455512
0.00271037
0.00120943
0.000150473
-0.000508293
-0.000710633
-0.000734761
-0.000805584
-0.00091055
-0.00114233
-0.00148369
-0.0016683
-0.00165988
-0.00169711
-0.00186463
-0.00205432
-0.00221404
-0.00238043
-0.00257593
-0.00279091
-0.00301715
-0.00325524
-0.00350615
-0.00376909
-0.00404335
-0.00432867
-0.00462499
-0.00493225
-0.00525047
-0.00557973
-0.00592015
-0.00627187
-0.00663512
-0.00701011
-0.00739711
-0.00779639
-0.00820826
-0.00863306
-0.00907113
-0.00952283
-0.00998859
-0.0104687
-0.0109638
-0.0114739
-0.0120004
-0.0125418
-0.0131022
-0.0136755
-0.0142729
-0.0148788
-0.0155138
-0.0161565
-0.0168189
-0.0175076
-0.0181767
-0.0188694
-0.0195407
0.00794047
0.0069447
0.00595746
0.00453577
0.00277391
0.00131712
0.000260051
-0.000430389
-0.00067512
-0.000718981
-0.000776158
-0.000864863
-0.00110321
-0.00146192
-0.001656
-0.00164859
-0.0016866
-0.00185725
-0.0020499
-0.00221108
-0.0023782
-0.00257432
-0.0027898
-0.00301637
-0.00325465
-0.0035057
-0.00376875
-0.00404308
-0.00432847
-0.00462483
-0.00493213
-0.00525038
-0.00557966
-0.00592009
-0.00627183
-0.00663508
-0.00701009
-0.00739709
-0.00779637
-0.00820825
-0.00863305
-0.00907112
-0.00952282
-0.00998859
-0.0104687
-0.0109638
-0.0114739
-0.0120004
-0.0125418
-0.0131022
-0.0136755
-0.0142729
-0.0148788
-0.0155139
-0.0161566
-0.016819
-0.0175077
-0.0181769
-0.0188698
-0.0195412
0.00774147
0.00676779
0.00584318
0.00451046
0.00282893
0.00141819
0.00036732
-0.000348694
-0.000634243
-0.000703027
-0.000750616
-0.000820509
-0.00106206
-0.0014384
-0.00164355
-0.00163744
-0.00167579
-0.00184943
-0.0020452
-0.00220797
-0.00237584
-0.00257259
-0.00278861
-0.00301552
-0.00325402
-0.00350521
-0.00376838
-0.00404279
-0.00432824
-0.00462466
-0.004932
-0.00525027
-0.00557957
-0.00592003
-0.00627178
-0.00663505
-0.00701006
-0.00739707
-0.00779636
-0.00820824
-0.00863304
-0.00907112
-0.00952282
-0.00998859
-0.0104687
-0.0109638
-0.0114739
-0.0120004
-0.0125418
-0.0131022
-0.0136755
-0.0142729
-0.0148788
-0.0155139
-0.0161567
-0.0168191
-0.0175079
-0.0181771
-0.0188702
-0.0195417
0.00754823
0.0065938
0.00572958
0.00448004
0.0028756
0.00151261
0.000471582
-0.000264286
-0.000587754
-0.000685892
-0.000728935
-0.000778182
-0.00101904
-0.00141289
-0.00163086
-0.00162652
-0.0016647
-0.00184115
-0.00204022
-0.00220471
-0.00237334
-0.00257075
-0.00278733
-0.00301461
-0.00325333
-0.00350469
-0.00376798
-0.00404249
-0.004328
-0.00462447
-0.00493185
-0.00525016
-0.00557949
-0.00591996
-0.00627173
-0.00663501
-0.00701003
-0.00739704
-0.00779634
-0.00820823
-0.00863303
-0.00907111
-0.00952281
-0.00998858
-0.0104687
-0.0109638
-0.0114739
-0.0120004
-0.0125418
-0.0131022
-0.0136755
-0.0142729
-0.0148789
-0.0155139
-0.0161567
-0.0168192
-0.0175082
-0.0181773
-0.0188707
-0.0195422
0.0073635
0.00642199
0.00561646
0.00444544
0.00291407
0.00160037
0.000572383
-0.000178351
-0.000535699
-0.000666502
-0.000710883
-0.000738603
-0.000974421
-0.00138512
-0.00161779
-0.00161589
-0.0016534
-0.00183239
-0.00203492
-0.00220128
-0.00237072
-0.00256878
-0.00278595
-0.00301363
-0.00325259
-0.00350412
-0.00376755
-0.00404215
-0.00432775
-0.00462427
-0.0049317
-0.00525004
-0.00557939
-0.00591989
-0.00627167
-0.00663496
-0.00700999
-0.00739702
-0.00779632
-0.00820821
-0.00863302
-0.0090711
-0.00952281
-0.00998858
-0.0104687
-0.0109638
-0.0114739
-0.0120004
-0.0125418
-0.0131022
-0.0136755
-0.0142729
-0.0148789
-0.015514
-0.0161568
-0.0168193
-0.0175084
-0.0181775
-0.0188711
-0.0195428
0.00719043
0.00625213
0.00550313
0.00440763
0.00294461
0.00168143
0.000669497
-9.20949e-05
-0.000478444
-0.000643794
-0.000695999
-0.000702471
-0.0009286
-0.00135488
-0.00160418
-0.00160561
-0.00164194
-0.00182314
-0.00202929
-0.00219769
-0.00236796
-0.00256668
-0.00278448
-0.00301257
-0.0032518
-0.00350351
-0.00376708
-0.0040418
-0.00432747
-0.00462406
-0.00493153
-0.00524991
-0.00557929
-0.00591981
-0.00627161
-0.00663492
-0.00700996
-0.00739699
-0.0077963
-0.0082082
-0.00863301
-0.0090711
-0.0095228
-0.00998858
-0.0104687
-0.0109638
-0.0114739
-0.0120004
-0.0125418
-0.0131022
-0.0136756
-0.014273
-0.0148789
-0.015514
-0.0161569
-0.0168194
-0.0175086
-0.0181777
-0.0188715
-0.0195433
0.00703184
0.00608471
0.00538849
0.00436751
0.00296767
0.00175566
0.000762872
-6.61679e-06
-0.000416654
-0.000616803
-0.000683584
-0.000670414
-0.000882093
-0.00132197
-0.00158982
-0.00159573
-0.00163039
-0.0018134
-0.0020233
-0.00219392
-0.00236506
-0.00256445
-0.00278289
-0.00301144
-0.00325095
-0.00350286
-0.00376658
-0.00404141
-0.00432717
-0.00462382
-0.00493135
-0.00524977
-0.00557918
-0.00591972
-0.00627155
-0.00663487
-0.00700992
-0.00739696
-0.00779628
-0.00820818
-0.008633
-0.00907109
-0.0095228
-0.00998857
-0.0104687
-0.0109638
-0.0114739
-0.0120004
-0.0125418
-0.0131022
-0.0136756
-0.014273
-0.014879
-0.0155141
-0.016157
-0.0168196
-0.0175089
-0.0181779
-0.018872
-0.0195439
0.00688944
0.00592115
0.00527123
0.00432576
0.00298392
0.00182281
0.000852546
7.72169e-05
-0.000351272
-0.000584769
-0.000672722
-0.000642932
-0.000835538
-0.00128626
-0.00157443
-0.00158628
-0.00161884
-0.00180314
-0.00201692
-0.00218997
-0.00236202
-0.00256208
-0.0027812
-0.00301023
-0.00325004
-0.00350216
-0.00376605
-0.004041
-0.00432685
-0.00462358
-0.00493115
-0.00524962
-0.00557907
-0.00591963
-0.00627148
-0.00663482
-0.00700988
-0.00739693
-0.00779626
-0.00820816
-0.00863298
-0.00907108
-0.00952279
-0.00998857
-0.0104687
-0.0109638
-0.0114739
-0.0120004
-0.0125418
-0.0131022
-0.0136756
-0.014273
-0.014879
-0.0155141
-0.0161571
-0.0168197
-0.0175091
-0.0181781
-0.0188724
-0.0195445
0.00676304
0.00576364
0.00515001
0.00428262
0.00299431
0.00188255
0.000938563
0.000158827
-0.000283467
-0.000547201
-0.000662311
-0.000620343
-0.000789684
-0.00124772
-0.00155773
-0.00157724
-0.00160738
-0.00179239
-0.00201012
-0.00218583
-0.00235885
-0.00255958
-0.00277939
-0.00300894
-0.00324907
-0.00350141
-0.00376547
-0.00404056
-0.00432651
-0.00462331
-0.00493095
-0.00524946
-0.00557894
-0.00591954
-0.00627141
-0.00663476
-0.00700984
-0.0073969
-0.00779623
-0.00820815
-0.00863297
-0.00907107
-0.00952279
-0.00998856
-0.0104687
-0.0109638
-0.0114739
-0.0120004
-0.0125418
-0.0131022
-0.0136756
-0.014273
-0.014879
-0.0155142
-0.0161572
-0.0168198
-0.0175094
-0.0181783
-0.0188729
-0.0195451
0.00665006
0.00561488
0.0050238
0.00423782
0.00299998
0.00193459
0.0010209
0.000237944
-0.000214535
-0.000503948
-0.000651114
-0.000602727
-0.000745366
-0.00120643
-0.00153939
-0.00156859
-0.00159613
-0.00178117
-0.00200287
-0.00218148
-0.00235553
-0.00255692
-0.00277745
-0.00300755
-0.00324803
-0.00350061
-0.00376485
-0.00404008
-0.00432614
-0.00462302
-0.00493072
-0.00524929
-0.00557881
-0.00591943
-0.00627133
-0.0066347
-0.00700979
-0.00739687
-0.00779621
-0.00820813
-0.00863296
-0.00907106
-0.00952278
-0.00998856
-0.0104687
-0.0109638
-0.0114739
-0.0120004
-0.0125418
-0.0131022
-0.0136756
-0.014273
-0.0148791
-0.0155142
-0.0161573
-0.0168199
-0.0175097
-0.0181786
-0.0188734
-0.0195458
0.00654552
0.00547764
0.00489228
0.00419056
0.00300223
0.00197875
0.00109939
0.000314585
-0.00014579
-0.000455242
-0.000637838
-0.000589884
-0.000703466
-0.0011626
-0.00151905
-0.00156023
-0.0015852
-0.0017695
-0.00199514
-0.00217691
-0.00235208
-0.00255412
-0.00277539
-0.00300607
-0.00324691
-0.00349976
-0.00376419
-0.00403957
-0.00432574
-0.00462271
-0.00493049
-0.0052491
-0.00557867
-0.00591932
-0.00627124
-0.00663463
-0.00700974
-0.00739683
-0.00779618
-0.00820811
-0.00863294
-0.00907105
-0.00952277
-0.00998855
-0.0104687
-0.0109638
-0.0114739
-0.0120004
-0.0125418
-0.0131022
-0.0136756
-0.014273
-0.0148791
-0.0155142
-0.0161574
-0.0168201
-0.01751
-0.0181789
-0.0188739
-0.0195464
0.00644242
0.00535411
0.00475614
0.00413955
0.0030023
0.00201509
0.00117369
0.000388983
-7.8434e-05
-0.000401707
-0.000621228
-0.000581324
-0.000664864
-0.00111657
-0.00149639
-0.00155203
-0.00157469
-0.00175743
-0.0019869
-0.0021721
-0.00234848
-0.00255116
-0.00277319
-0.00300449
-0.00324573
-0.00349884
-0.00376349
-0.00403903
-0.00432532
-0.00462239
-0.00493023
-0.0052489
-0.00557851
-0.0059192
-0.00627115
-0.00663456
-0.00700969
-0.00739679
-0.00779615
-0.00820808
-0.00863292
-0.00907104
-0.00952276
-0.00998855
-0.0104687
-0.0109638
-0.0114739
-0.0120004
-0.0125418
-0.0131022
-0.0136757
-0.014273
-0.0148792
-0.0155143
-0.0161575
-0.0168202
-0.0175103
-0.0181791
-0.0188744
-0.0195471
0.0063327
0.00524544
0.00461717
0.00408323
0.00300119
0.00204401
0.00124321
0.000461494
-1.34184e-05
-0.000344305
-0.000600183
-0.000576268
-0.000630369
-0.00106887
-0.0014711
-0.00154379
-0.00156472
-0.00174504
-0.00197813
-0.00216703
-0.00234474
-0.00254806
-0.00277086
-0.00300281
-0.00324447
-0.00349786
-0.00376274
-0.00403845
-0.00432487
-0.00462203
-0.00492996
-0.00524869
-0.00557835
-0.00591908
-0.00627105
-0.00663449
-0.00700963
-0.00739675
-0.00779612
-0.00820806
-0.00863291
-0.00907102
-0.00952275
-0.00998854
-0.0104687
-0.0109638
-0.0114739
-0.0120004
-0.0125418
-0.0131022
-0.0136757
-0.0142731
-0.0148792
-0.0155144
-0.0161577
-0.0168204
-0.0175106
-0.0181794
-0.0188749
-0.0195478
0.0062085
0.00515115
0.00447821
0.00402002
0.00299951
0.00206627
0.00130727
0.000532467
4.86558e-05
-0.000284285
-0.000573869
-0.000573673
-0.000600649
-0.00102017
-0.00144293
-0.00153527
-0.00155537
-0.0017324
-0.00196881
-0.00216167
-0.00234086
-0.0025448
-0.00276838
-0.00300102
-0.00324312
-0.00349682
-0.00376193
-0.00403783
-0.00432439
-0.00462166
-0.00492967
-0.00524847
-0.00557817
-0.00591894
-0.00627095
-0.00663441
-0.00700957
-0.0073967
-0.00779608
-0.00820803
-0.00863289
-0.00907101
-0.00952274
-0.00998853
-0.0104687
-0.0109638
-0.0114739
-0.0120004
-0.0125418
-0.0131022
-0.0136757
-0.0142731
-0.0148793
-0.0155144
-0.0161578
-0.0168205
-0.017511
-0.0181797
-0.0188754
-0.0195485
0.00606374
0.00506916
0.00434288
0.00394874
0.00299727
0.00208298
0.00136508
0.000602135
0.000107577
-0.000223081
-0.000541806
-0.000572285
-0.000576172
-0.000971246
-0.00141172
-0.00152617
-0.00154671
-0.00171961
-0.00195891
-0.002156
-0.00233683
-0.00254139
-0.00276575
-0.00299912
-0.00324169
-0.00349572
-0.00376107
-0.00403717
-0.00432388
-0.00462126
-0.00492935
-0.00524822
-0.00557799
-0.0059188
-0.00627084
-0.00663432
-0.00700951
-0.00739665
-0.00779604
-0.00820801
-0.00863287
-0.009071
-0.00952273
-0.00998853
-0.0104687
-0.0109638
-0.0114739
-0.0120004
-0.0125418
-0.0131023
-0.0136757
-0.0142731
-0.0148793
-0.0155145
-0.0161579
-0.0168207
-0.0175113
-0.01818
-0.0188759
-0.0195492
0.0058953
0.00499584
0.00421507
0.00386887
0.00299391
0.00209547
0.00141597
0.000670522
0.000163498
-0.000162181
-0.000503922
-0.000570716
-0.00055714
-0.000923015
-0.00137744
-0.00151614
-0.00153874
-0.0017068
-0.00194845
-0.00214998
-0.00233265
-0.00253783
-0.00276297
-0.0029971
-0.00324018
-0.00349454
-0.00376016
-0.00403646
-0.00432333
-0.00462083
-0.00492902
-0.00524797
-0.00557779
-0.00591864
-0.00627072
-0.00663423
-0.00700944
-0.0073966
-0.007796
-0.00820798
-0.00863285
-0.00907098
-0.00952272
-0.00998852
-0.0104687
-0.0109638
-0.0114739
-0.0120004
-0.0125418
-0.0131023
-0.0136757
-0.0142731
-0.0148794
-0.0155145
-0.0161581
-0.0168209
-0.0175117
-0.0181804
-0.0188765
-0.0195499
0.0057038
0.00492645
0.00409829
0.00378082
0.00298829
0.00210514
0.00145948
0.000737381
0.00021686
-0.000102978
-0.000460582
-0.00056754
-0.000543452
-0.000876429
-0.00134018
-0.0015048
-0.00153146
-0.00169409
-0.00193743
-0.00214358
-0.00232831
-0.00253411
-0.00276003
-0.00299495
-0.00323857
-0.00349329
-0.00375919
-0.00403571
-0.00432275
-0.00462038
-0.00492867
-0.00524769
-0.00557757
-0.00591848
-0.00627059
-0.00663413
-0.00700936
-0.00739654
-0.00779596
-0.00820794
-0.00863282
-0.00907096
-0.00952271
-0.00998851
-0.0104687
-0.0109638
-0.0114739
-0.0120004
-0.0125418
-0.0131023
-0.0136758
-0.0142731
-0.0148794
-0.0155146
-0.0161582
-0.0168211
-0.017512
-0.0181807
-0.018877
-0.0195507
0.00549363
0.00485575
0.00399515
0.00368606
0.00297893
0.00211329
0.0014955
0.00080218
0.000268292
-4.66328e-05
-0.000412565
-0.000561419
-0.000534684
-0.000832434
-0.00130022
-0.0014918
-0.00152478
-0.00168161
-0.00192588
-0.00213677
-0.0023238
-0.00253026
-0.00275693
-0.00299268
-0.00323687
-0.00349197
-0.00375816
-0.00403491
-0.00432212
-0.00461989
-0.00492829
-0.0052474
-0.00557734
-0.0059183
-0.00627045
-0.00663403
-0.00700928
-0.00739648
-0.00779592
-0.00820791
-0.0086328
-0.00907095
-0.0095227
-0.0099885
-0.0104687
-0.0109638
-0.0114739
-0.0120004
-0.0125419
-0.0131023
-0.0136758
-0.0142732
-0.0148795
-0.0155147
-0.0161584
-0.0168213
-0.0175124
-0.0181811
-0.0188776
-0.0195514
0.00527218
0.00477883
0.00390679
0.00358695
0.00296425
0.00212088
0.00152428
0.000864144
0.000318466
6.04418e-06
-0.000360981
-0.00055122
-0.000530105
-0.000791901
-0.001258
-0.00147677
-0.00151857
-0.0016695
-0.00191385
-0.00212952
-0.00231911
-0.00252625
-0.00275368
-0.00299027
-0.00323506
-0.00349057
-0.00375706
-0.00403406
-0.00432146
-0.00461938
-0.00492789
-0.00524709
-0.0055771
-0.00591811
-0.00627031
-0.00663392
-0.0070092
-0.00739642
-0.00779587
-0.00820788
-0.00863277
-0.00907093
-0.00952268
-0.00998849
-0.0104686
-0.0109638
-0.0114739
-0.0120004
-0.0125419
-0.0131023
-0.0136758
-0.0142732
-0.0148796
-0.0155148
-0.0161586
-0.0168214
-0.0175128
-0.0181814
-0.0188782
-0.0195522
0.00504847
0.00469191
0.0038327
0.00348653
0.00294283
0.00212842
0.00154651
0.000922347
0.000367971
5.46613e-05
-0.000307195
-0.000536133
-0.000528707
-0.000755556
-0.00121412
-0.00145941
-0.00151262
-0.00165788
-0.00190141
-0.0021218
-0.00231423
-0.00252211
-0.00275026
-0.00298772
-0.00323315
-0.00348908
-0.0037559
-0.00403316
-0.00432076
-0.00461883
-0.00492746
-0.00524675
-0.00557684
-0.00591791
-0.00627015
-0.0066338
-0.00700911
-0.00739635
-0.00779582
-0.00820784
-0.00863274
-0.00907091
-0.00952267
-0.00998848
-0.0104686
-0.0109638
-0.0114739
-0.0120004
-0.0125419
-0.0131023
-0.0136758
-0.0142732
-0.0148796
-0.0155148
-0.0161588
-0.0168217
-0.0175132
-0.0181818
-0.0188787
-0.019553
0.00483163
0.0045929
0.00377078
0.00338804
0.00291376
0.00213586
0.00156317
0.000975848
0.000417207
9.9237e-05
-0.000252695
-0.00051573
-0.000529279
-0.000723917
-0.00116929
-0.00143951
-0.00150668
-0.00164686
-0.00188865
-0.00211358
-0.00230912
-0.00251783
-0.00274668
-0.00298503
-0.00323114
-0.00348751
-0.00375467
-0.0040322
-0.00432002
-0.00461825
-0.00492701
-0.0052464
-0.00557657
-0.0059177
-0.00626999
-0.00663368
-0.00700901
-0.00739628
-0.00779576
-0.0082078
-0.00863272
-0.00907088
-0.00952266
-0.00998847
-0.0104686
-0.0109638
-0.0114739
-0.0120004
-0.0125419
-0.0131023
-0.0136759
-0.0142732
-0.0148797
-0.0155149
-0.016159
-0.0168219
-0.0175137
-0.0181822
-0.0188793
-0.0195538
0.00462949
0.00448167
0.0037177
0.00329452
0.00287678
0.00214267
0.00157543
0.00102384
0.000466299
0.000140137
-0.000198948
-0.000489996
-0.000530502
-0.00069725
-0.00112437
-0.00141695
-0.00150046
-0.00163648
-0.00187566
-0.00210486
-0.00230378
-0.00251341
-0.00274294
-0.0029822
-0.00322901
-0.00348586
-0.00375337
-0.00403119
-0.00431923
-0.00461763
-0.00492653
-0.00524603
-0.00557628
-0.00591747
-0.00626982
-0.00663354
-0.00700891
-0.0073962
-0.00779571
-0.00820775
-0.00863268
-0.00907086
-0.00952264
-0.00998846
-0.0104686
-0.0109638
-0.0114739
-0.0120005
-0.0125419
-0.0131023
-0.0136759
-0.0142733
-0.0148798
-0.015515
-0.0161591
-0.0168221
-0.0175141
-0.0181826
-0.0188799
-0.0195547
0.00444743
0.00435985
0.00366946
0.00320832
0.0028324
0.00214794
0.00158451
0.00106575
0.000515063
0.000177972
-0.000147261
-0.000459326
-0.000531059
-0.000675532
-0.00108022
-0.00139177
-0.00149363
-0.00162679
-0.00186256
-0.00209563
-0.00229818
-0.00250886
-0.00273904
-0.00297921
-0.00322677
-0.00348411
-0.003752
-0.00403011
-0.00431839
-0.00461698
-0.00492601
-0.00524563
-0.00557597
-0.00591723
-0.00626963
-0.0066334
-0.0070088
-0.00739612
-0.00779564
-0.00820771
-0.00863265
-0.00907084
-0.00952262
-0.00998845
-0.0104686
-0.0109638
-0.0114739
-0.0120005
-0.0125419
-0.0131023
-0.0136759
-0.0142733
-0.0148799
-0.0155151
-0.0161594
-0.0168223
-0.0175145
-0.0181831
-0.0188805
-0.0195555
0.00428785
0.00423047
0.00362198
0.0031308
0.00278181
0.00215055
0.00159147
0.00110134
0.000563031
0.000213477
-9.86553e-05
-0.000424472
-0.000529749
-0.000658452
-0.0010377
-0.00136414
-0.00148587
-0.00161776
-0.00184949
-0.00208591
-0.00229228
-0.00250417
-0.00273499
-0.00297608
-0.00322441
-0.00348227
-0.00375055
-0.00402898
-0.0043175
-0.00461628
-0.00492547
-0.00524521
-0.00557564
-0.00591698
-0.00626944
-0.00663325
-0.00700869
-0.00739603
-0.00779558
-0.00820766
-0.00863261
-0.00907081
-0.0095226
-0.00998844
-0.0104686
-0.0109638
-0.0114739
-0.0120005
-0.0125419
-0.0131023
-0.013676
-0.0142733
-0.0148799
-0.0155152
-0.0161596
-0.0168226
-0.017515
-0.0181835
-0.0188811
-0.0195564
0.00415031
0.00409732
0.00357173
0.00306222
0.00272673
0.00214942
0.00159712
0.00113073
0.000609514
0.000247377
-5.37938e-05
-0.000386455
-0.000525596
-0.000645435
-0.000997588
-0.00133436
-0.00147685
-0.00160931
-0.00183655
-0.00207572
-0.00228607
-0.00249934
-0.00273079
-0.00297279
-0.00322192
-0.00348033
-0.00374902
-0.00402778
-0.00431657
-0.00461555
-0.0049249
-0.00524476
-0.00557529
-0.00591671
-0.00626923
-0.00663309
-0.00700857
-0.00739594
-0.00779551
-0.00820761
-0.00863258
-0.00907078
-0.00952259
-0.00998842
-0.0104686
-0.0109638
-0.0114739
-0.0120005
-0.0125419
-0.0131023
-0.013676
-0.0142734
-0.01488
-0.0155153
-0.0161598
-0.0168228
-0.0175155
-0.018184
-0.0188817
-0.0195572
0.00403208
0.00396429
0.00351616
0.0030018
0.00266915
0.00214368
0.00160191
0.00115433
0.00065371
0.000280285
-1.29588e-05
-0.000346462
-0.000517927
-0.000635693
-0.000960527
-0.0013029
-0.00146633
-0.00160133
-0.00182387
-0.00206511
-0.00227952
-0.00249436
-0.00272645
-0.00296934
-0.00321931
-0.0034783
-0.00374741
-0.00402652
-0.00431558
-0.00461478
-0.00492429
-0.00524428
-0.00557492
-0.00591642
-0.00626901
-0.00663292
-0.00700844
-0.00739584
-0.00779544
-0.00820755
-0.00863254
-0.00907076
-0.00952256
-0.00998841
-0.0104686
-0.0109638
-0.0114739
-0.0120005
-0.0125419
-0.0131024
-0.013676
-0.0142734
-0.0148801
-0.0155154
-0.01616
-0.0168231
-0.0175159
-0.0181845
-0.0188824
-0.0195581
0.00392918
0.0038348
0.00345393
0.00294793
0.00261103
0.00213283
0.00160593
0.00117279
0.000694828
0.000312615
2.39111e-05
-0.000305734
-0.000506413
-0.000628285
-0.000926963
-0.0012703
-0.0014541
-0.00159364
-0.00181156
-0.00205415
-0.00227261
-0.00248922
-0.00272198
-0.00296574
-0.00321658
-0.00347616
-0.00374572
-0.00402518
-0.00431453
-0.00461396
-0.00492365
-0.00524378
-0.00557453
-0.00591612
-0.00626877
-0.00663274
-0.0070083
-0.00739574
-0.00779536
-0.0082075
-0.00863249
-0.00907072
-0.00952254
-0.0099884
-0.0104686
-0.0109638
-0.0114739
-0.0120005
-0.012542
-0.0131024
-0.0136761
-0.0142734
-0.0148802
-0.0155155
-0.0161602
-0.0168233
-0.0175164
-0.018185
-0.018883
-0.019559
0.00383715
0.00371139
0.00338492
0.00289857
0.00255405
0.00211679
0.00160897
0.00118691
0.000732193
0.000344541
5.7144e-05
-0.000265442
-0.000491072
-0.000622213
-0.000897131
-0.0012372
-0.00144008
-0.00158603
-0.00179967
-0.00204291
-0.00226532
-0.00248392
-0.00271736
-0.00296199
-0.00321371
-0.00347393
-0.00374395
-0.00402378
-0.00431343
-0.0046131
-0.00492298
-0.00524325
-0.00557412
-0.0059158
-0.00626853
-0.00663255
-0.00700816
-0.00739563
-0.00779528
-0.00820743
-0.00863245
-0.00907069
-0.00952252
-0.00998838
-0.0104686
-0.0109638
-0.0114739
-0.0120005
-0.012542
-0.0131024
-0.0136761
-0.0142735
-0.0148803
-0.0155156
-0.0161605
-0.0168236
-0.0175169
-0.0181855
-0.0188836
-0.0195599
0.00375191
0.00359558
0.00330999
0.00285156
0.0024994
0.00209589
0.0016106
0.00119746
0.000765324
0.000375994
8.72372e-05
-0.000226584
-0.00047223
-0.000616506
-0.000871037
-0.00120425
-0.00142426
-0.00157829
-0.00178827
-0.00203148
-0.00225766
-0.00247843
-0.00271263
-0.0029581
-0.0032107
-0.00347158
-0.00374208
-0.00402231
-0.00431228
-0.00461219
-0.00492226
-0.0052427
-0.00557369
-0.00591546
-0.00626827
-0.00663235
-0.007008
-0.00739551
-0.00779519
-0.00820737
-0.0086324
-0.00907066
-0.0095225
-0.00998836
-0.0104686
-0.0109638
-0.0114739
-0.0120005
-0.012542
-0.0131024
-0.0136761
-0.0142735
-0.0148804
-0.0155157
-0.0161607
-0.0168239
-0.0175174
-0.018186
-0.0188843
-0.0195608
0.00367021
0.00348785
0.00323069
0.00280499
0.00244771
0.00207082
0.00161032
0.00120517
0.000793978
0.000406697
0.000114753
-0.000189919
-0.000450466
-0.000610316
-0.000848479
-0.00117208
-0.00140675
-0.00157019
-0.00177735
-0.00201995
-0.00224964
-0.00247274
-0.00270776
-0.00295406
-0.00320757
-0.00346913
-0.00374014
-0.00402077
-0.00431106
-0.00461123
-0.00492151
-0.00524211
-0.00557323
-0.00591511
-0.00626799
-0.00663214
-0.00700784
-0.00739539
-0.0077951
-0.0082073
-0.00863235
-0.00907062
-0.00952247
-0.00998835
-0.0104686
-0.0109638
-0.0114739
-0.0120005
-0.012542
-0.0131024
-0.0136762
-0.0142736
-0.0148805
-0.0155159
-0.016161
-0.0168242
-0.0175179
-0.0181866
-0.018885
-0.0195617
0.00358982
0.00338794
0.00314885
0.0027574
0.00239908
0.00204243
0.00160765
0.00121059
0.000818143
0.000436235
0.000140225
-0.00015593
-0.000426517
-0.000602978
-0.000829078
-0.00114124
-0.00138777
-0.00156153
-0.00176689
-0.00200842
-0.00224127
-0.00246685
-0.00270278
-0.00294988
-0.0032043
-0.00346657
-0.0037381
-0.00401915
-0.00430978
-0.00461022
-0.00492072
-0.00524149
-0.00557274
-0.00591473
-0.0062677
-0.00663192
-0.00700767
-0.00739526
-0.007795
-0.00820723
-0.0086323
-0.00907058
-0.00952244
-0.00998833
-0.0104685
-0.0109638
-0.0114739
-0.0120005
-0.012542
-0.0131024
-0.0136762
-0.0142736
-0.0148806
-0.015516
-0.0161613
-0.0168245
-0.0175185
-0.0181871
-0.0188856
-0.0195626
0.00350948
0.00329501
0.00306627
0.00270787
0.00235316
0.00201168
0.00160226
0.00121408
0.000838008
0.000464128
0.000164093
-0.000124838
-0.000401204
-0.000594056
-0.000812325
-0.00111218
-0.00136762
-0.00155214
-0.00175683
-0.00199698
-0.00223258
-0.00246073
-0.00269767
-0.00294557
-0.00320089
-0.00346391
-0.00373597
-0.00401745
-0.00430844
-0.00460917
-0.00491989
-0.00524084
-0.00557223
-0.00591433
-0.00626739
-0.00663168
-0.00700749
-0.00739512
-0.0077949
-0.00820715
-0.00863224
-0.00907054
-0.00952241
-0.00998831
-0.0104685
-0.0109638
-0.0114739
-0.0120005
-0.012542
-0.0131025
-0.0136763
-0.0142737
-0.0148808
-0.0155161
-0.0161615
-0.0168248
-0.017519
-0.0181877
-0.0188863
-0.0195636
0.00342873
0.00320797
0.00298451
0.00265606
0.00230935
0.00197943
0.00159396
0.00121584
0.000853903
0.000489917
0.000186657
-9.66404e-05
-0.000375342
-0.000583353
-0.000797636
-0.00108519
-0.00134666
-0.00154191
-0.00174707
-0.0019857
-0.00222363
-0.00245439
-0.00269245
-0.00294113
-0.00319736
-0.00346113
-0.00373376
-0.00401569
-0.00430704
-0.00460806
-0.00491902
-0.00524015
-0.0055717
-0.00591392
-0.00626707
-0.00663144
-0.0070073
-0.00739498
-0.00779479
-0.00820707
-0.00863218
-0.0090705
-0.00952238
-0.00998829
-0.0104685
-0.0109637
-0.0114739
-0.0120005
-0.012542
-0.0131025
-0.0136763
-0.0142737
-0.0148809
-0.0155163
-0.0161618
-0.0168252
-0.0175195
-0.0181883
-0.018887
-0.0195645
0.00334757
0.00312566
0.00290471
0.00260209
0.00226691
0.0019464
0.00158277
0.00121592
0.000866234
0.000513217
0.000208065
-7.11759e-05
-0.000349673
-0.000570887
-0.000784417
-0.00106044
-0.00132529
-0.00153079
-0.0017375
-0.00197464
-0.00221446
-0.00244781
-0.0026871
-0.00293658
-0.0031937
-0.00345824
-0.00373145
-0.00401384
-0.00430558
-0.00460691
-0.0049181
-0.00523943
-0.00557114
-0.00591348
-0.00626673
-0.00663118
-0.0070071
-0.00739483
-0.00779467
-0.00820699
-0.00863212
-0.00907045
-0.00952235
-0.00998827
-0.0104685
-0.0109637
-0.0114739
-0.0120005
-0.0125421
-0.0131025
-0.0136764
-0.0142738
-0.014881
-0.0155164
-0.0161621
-0.0168255
-0.0175201
-0.0181889
-0.0188877
-0.0195654
0.00326631
0.00304704
0.00282758
0.00254642
0.00222516
0.00191308
0.00156886
0.00121428
0.000875423
0.000533761
0.000228327
-4.81908e-05
-0.000324809
-0.000556864
-0.000772118
-0.00103795
-0.00130391
-0.00151879
-0.00172802
-0.00196384
-0.00220514
-0.00244101
-0.00268163
-0.00293192
-0.00318992
-0.00345525
-0.00372905
-0.00401192
-0.00430405
-0.00460569
-0.00491715
-0.00523868
-0.00557055
-0.00591302
-0.00626638
-0.0066309
-0.00700689
-0.00739467
-0.00779455
-0.0082069
-0.00863205
-0.00907041
-0.00952232
-0.00998824
-0.0104685
-0.0109637
-0.0114739
-0.0120005
-0.0125421
-0.0131025
-0.0136764
-0.0142739
-0.0148811
-0.0155166
-0.0161624
-0.0168259
-0.0175206
-0.0181895
-0.0188884
-0.0195664
0.00318538
0.00297126
0.00275344
0.00248966
0.00218354
0.00187976
0.00155254
0.00121085
0.000881858
0.000551411
0.000247347
-2.7402e-05
-0.000301206
-0.000541616
-0.000760276
-0.0010176
-0.00128288
-0.001506
-0.00171852
-0.00195331
-0.00219572
-0.00243399
-0.00267603
-0.00292715
-0.00318602
-0.00345214
-0.00372657
-0.00400992
-0.00430246
-0.00460443
-0.00491615
-0.00523789
-0.00556993
-0.00591254
-0.00626601
-0.00663062
-0.00700667
-0.0073945
-0.00779443
-0.0082068
-0.00863199
-0.00907036
-0.00952228
-0.00998822
-0.0104685
-0.0109637
-0.0114739
-0.0120005
-0.0125421
-0.0131026
-0.0136765
-0.0142739
-0.0148813
-0.0155168
-0.0161627
-0.0168262
-0.0175212
-0.0181901
-0.0188891
-0.0195673
0.00310521
0.0028977
0.00268231
0.00243246
0.00214168
0.00184656
0.00153415
0.00120555
0.000885868
0.000566149
0.000264965
-8.54428e-06
-0.000279163
-0.000525554
-0.000748551
-0.00099921
-0.0012625
-0.00149255
-0.00170889
-0.00194307
-0.00218627
-0.00242677
-0.00267031
-0.00292229
-0.00318201
-0.00344894
-0.00372399
-0.00400785
-0.0043008
-0.00460311
-0.00491511
-0.00523707
-0.00556929
-0.00591204
-0.00626562
-0.00663032
-0.00700644
-0.00739433
-0.0077943
-0.00820671
-0.00863191
-0.0090703
-0.00952225
-0.00998819
-0.0104685
-0.0109637
-0.0114739
-0.0120005
-0.0125421
-0.0131026
-0.0136765
-0.014274
-0.0148814
-0.0155169
-0.016163
-0.0168266
-0.0175217
-0.0181908
-0.0188898
-0.0195682
0.00302616
0.00282595
0.00261401
0.00237541
0.00209941
0.00181346
0.00151405
0.00119837
0.00088771
0.000578059
0.000281002
8.59834e-06
-0.000258839
-0.000509111
-0.000736727
-0.000982525
-0.00124303
-0.00147863
-0.00169907
-0.00193308
-0.00217684
-0.00241938
-0.00266446
-0.00291734
-0.0031779
-0.00344563
-0.00372133
-0.00400571
-0.00429908
-0.00460175
-0.00491402
-0.00523621
-0.00556861
-0.00591151
-0.00626521
-0.00663
-0.0070062
-0.00739414
-0.00779416
-0.0082066
-0.00863184
-0.00907025
-0.00952221
-0.00998817
-0.0104684
-0.0109637
-0.0114739
-0.0120005
-0.0125421
-0.0131026
-0.0136766
-0.0142741
-0.0148815
-0.0155171
-0.0161633
-0.016827
-0.0175223
-0.0181914
-0.0188905
-0.0195692
0.00294857
0.00275577
0.00254826
0.002319
0.00205671
0.00178039
0.00149257
0.00118934
0.000887577
0.000587289
0.000295293
2.41781e-05
-0.000240282
-0.000492699
-0.000724715
-0.00096727
-0.00122463
-0.00146442
-0.00168903
-0.00192331
-0.00216748
-0.00241186
-0.00265849
-0.0029123
-0.00317369
-0.00344222
-0.00371859
-0.00400349
-0.0042973
-0.00460032
-0.00491289
-0.00523532
-0.00556791
-0.00591097
-0.00626478
-0.00662967
-0.00700595
-0.00739395
-0.00779401
-0.0082065
-0.00863176
-0.00907019
-0.00952217
-0.00998814
-0.0104684
-0.0109637
-0.0114739
-0.0120005
-0.0125422
-0.0131026
-0.0136767
-0.0142742
-0.0148817
-0.0155173
-0.0161636
-0.0168274
-0.0175228
-0.0181921
-0.0188912
-0.0195701
0.00287268
0.00268706
0.00248475
0.00226354
0.00201368
0.00174727
0.00146999
0.00117854
0.000885612
0.00059403
0.000307715
3.82839e-05
-0.000223463
-0.000476679
-0.000712528
-0.000953179
-0.00120739
-0.00145014
-0.00167876
-0.00191374
-0.00215825
-0.00240424
-0.00265241
-0.00290719
-0.0031694
-0.00343873
-0.00371576
-0.00400121
-0.00429546
-0.00459885
-0.00491172
-0.00523439
-0.00556718
-0.0059104
-0.00626434
-0.00662933
-0.00700569
-0.00739375
-0.00779386
-0.00820638
-0.00863168
-0.00907013
-0.00952212
-0.00998811
-0.0104684
-0.0109637
-0.0114739
-0.0120005
-0.0125422
-0.0131027
-0.0136767
-0.0142742
-0.0148818
-0.0155175
-0.016164
-0.0168278
-0.0175234
-0.0181928
-0.0188919
-0.019571
0.00279868
0.00261982
0.00242321
0.00220925
0.00197051
0.00171401
0.00144652
0.0011661
0.000881925
0.000598486
0.000318198
5.09527e-05
-0.000208311
-0.00046134
-0.000700259
-0.000940019
-0.00119132
-0.00143599
-0.00166829
-0.00190431
-0.00214915
-0.00239655
-0.00264623
-0.002902
-0.00316504
-0.00343515
-0.00371286
-0.00399885
-0.00429356
-0.00459733
-0.00491051
-0.00523343
-0.00556643
-0.0059098
-0.00626388
-0.00662897
-0.00700542
-0.00739354
-0.00779371
-0.00820627
-0.00863159
-0.00907007
-0.00952208
-0.00998808
-0.0104684
-0.0109637
-0.0114739
-0.0120006
-0.0125422
-0.0131027
-0.0136768
-0.0142743
-0.014882
-0.0155177
-0.0161643
-0.0168282
-0.017524
-0.0181934
-0.0188927
-0.0195719
0.0027267
0.00255409
0.00236343
0.00215622
0.0019274
0.00168059
0.00142234
0.00115217
0.000876614
0.000600855
0.000326727
6.21869e-05
-0.000194738
-0.000446898
-0.000688052
-0.000927606
-0.00117639
-0.00142213
-0.00165769
-0.00189502
-0.00214022
-0.00238884
-0.00263997
-0.00289676
-0.00316061
-0.0034315
-0.00370989
-0.00399643
-0.00429161
-0.00459576
-0.00490925
-0.00523244
-0.00556564
-0.00590919
-0.0062634
-0.0066286
-0.00700513
-0.00739333
-0.00779355
-0.00820615
-0.0086315
-0.00907
-0.00952203
-0.00998805
-0.0104684
-0.0109637
-0.0114739
-0.0120006
-0.0125422
-0.0131027
-0.0136768
-0.0142744
-0.0148821
-0.0155179
-0.0161646
-0.0168286
-0.0175245
-0.0181941
-0.0188934
-0.0195728
0.00265685
0.00248995
0.00230526
0.00210449
0.00188454
0.00164702
0.00139756
0.00113692
0.000869774
0.000601325
0.000333335
7.19731e-05
-0.000182656
-0.000433497
-0.000676072
-0.000915813
-0.00116255
-0.00140873
-0.00164703
-0.00188582
-0.00213147
-0.00238115
-0.00263364
-0.00289146
-0.00315613
-0.00342779
-0.00370685
-0.00399396
-0.0042896
-0.00459414
-0.00490796
-0.00523141
-0.00556483
-0.00590855
-0.00626291
-0.00662822
-0.00700484
-0.0073931
-0.00779338
-0.00820602
-0.00863141
-0.00906994
-0.00952199
-0.00998802
-0.0104684
-0.0109637
-0.0114739
-0.0120006
-0.0125423
-0.0131028
-0.0136769
-0.0142745
-0.0148823
-0.0155181
-0.0161649
-0.016829
-0.0175251
-0.0181948
-0.0188941
-0.0195737
0.00258916
0.00242749
0.00224862
0.00205405
0.00184211
0.00161337
0.00137231
0.00112053
0.000861507
0.000600062
0.000338096
8.0298e-05
-0.000171989
-0.000421223
-0.000664486
-0.000904564
-0.0011497
-0.00139587
-0.0016364
-0.00187672
-0.00212291
-0.00237352
-0.00262728
-0.00288613
-0.00315161
-0.00342402
-0.00370375
-0.00399143
-0.00428754
-0.00459248
-0.00490663
-0.00523035
-0.005564
-0.0059079
-0.00626239
-0.00662782
-0.00700453
-0.00739287
-0.0077932
-0.00820589
-0.00863131
-0.00906987
-0.00952194
-0.00998798
-0.0104683
-0.0109637
-0.0114739
-0.0120006
-0.0125423
-0.0131028
-0.013677
-0.0142746
-0.0148825
-0.0155183
-0.0161653
-0.0168294
-0.0175257
-0.0181954
-0.0188948
-0.0195746
0.00252366
0.00236677
0.00219348
0.00200488
0.00180025
0.00157971
0.00134667
0.00110315
0.000851927
0.00059722
0.000341108
8.716e-05
-0.000162672
-0.000410114
-0.000653445
-0.000893831
-0.00113776
-0.00138365
-0.00162591
-0.00186773
-0.00211453
-0.00236597
-0.0026209
-0.00288076
-0.00314705
-0.0034202
-0.00370061
-0.00398885
-0.00428544
-0.00459078
-0.00490527
-0.00522927
-0.00556314
-0.00590722
-0.00626187
-0.00662742
-0.00700422
-0.00739263
-0.00779302
-0.00820576
-0.00863121
-0.00906979
-0.00952188
-0.00998795
-0.0104683
-0.0109636
-0.0114739
-0.0120006
-0.0125423
-0.0131029
-0.013677
-0.0142747
-0.0148826
-0.0155185
-0.0161656
-0.0168299
-0.0175262
-0.0181961
-0.0188956
-0.0195755
0.00246037
0.00230786
0.00213983
0.00195697
0.00175907
0.00154616
0.00132073
0.00108496
0.000841154
0.00059294
0.000342488
9.25757e-05
-0.000154657
-0.000400177
-0.000643074
-0.000883621
-0.00112664
-0.00137209
-0.00161563
-0.00185887
-0.00210635
-0.00235855
-0.00261454
-0.00287539
-0.00314248
-0.00341635
-0.00369742
-0.00398623
-0.0042833
-0.00458905
-0.00490387
-0.00522815
-0.00556225
-0.00590653
-0.00626132
-0.006627
-0.0070039
-0.00739239
-0.00779284
-0.00820562
-0.00863111
-0.00906972
-0.00952183
-0.00998791
-0.0104683
-0.0109636
-0.0114739
-0.0120006
-0.0125423
-0.0131029
-0.0136771
-0.0142748
-0.0148828
-0.0155187
-0.0161659
-0.0168303
-0.0175268
-0.0181968
-0.0188963
-0.0195764
0.00239927
0.0022508
0.00208772
0.00191032
0.00171867
0.00151283
0.0012946
0.00106609
0.000829322
0.000587355
0.000342362
9.65827e-05
-0.0001479
-0.000391397
-0.000633469
-0.000873964
-0.00111628
-0.00136123
-0.00160566
-0.00185016
-0.00209837
-0.00235126
-0.00260822
-0.00287002
-0.0031379
-0.00341249
-0.0036942
-0.00398358
-0.00428113
-0.00458728
-0.00490245
-0.00522702
-0.00556135
-0.00590582
-0.00626077
-0.00662656
-0.00700356
-0.00739213
-0.00779264
-0.00820547
-0.008631
-0.00906964
-0.00952178
-0.00998788
-0.0104683
-0.0109636
-0.0114739
-0.0120006
-0.0125424
-0.0131029
-0.0136772
-0.0142749
-0.0148829
-0.0155189
-0.0161663
-0.0168307
-0.0175274
-0.0181975
-0.018897
-0.0195772
0.00234036
0.00219566
0.00203717
0.00186494
0.00167912
0.00147982
0.00126838
0.00104668
0.000816566
0.000580594
0.000340858
9.92384e-05
-0.000142358
-0.000383745
-0.000624695
-0.0008649
-0.00110664
-0.00135106
-0.00159607
-0.00184165
-0.0020906
-0.00234414
-0.00260199
-0.00286468
-0.00313333
-0.00340862
-0.00369096
-0.0039809
-0.00427893
-0.00458549
-0.00490101
-0.00522586
-0.00556043
-0.00590509
-0.0062602
-0.00662612
-0.00700323
-0.00739188
-0.00779245
-0.00820533
-0.0086309
-0.00906956
-0.00952172
-0.00998784
-0.0104682
-0.0109636
-0.0114739
-0.0120006
-0.0125424
-0.013103
-0.0136773
-0.014275
-0.0148831
-0.0155192
-0.0161666
-0.0168312
-0.0175279
-0.0181981
-0.0188977
-0.0195781
0.00228365
0.00214245
0.00198823
0.00182088
0.0016405
0.00144726
0.00124217
0.00102687
0.000803027
0.00057279
0.000338107
0.000100618
-0.000137988
-0.000377186
-0.000616792
-0.000856471
-0.00109767
-0.00134157
-0.00158691
-0.00183339
-0.00208305
-0.00233721
-0.00259585
-0.00285939
-0.0031288
-0.00340475
-0.00368772
-0.00397821
-0.00427671
-0.00458368
-0.00489954
-0.00522468
-0.0055595
-0.00590435
-0.00625962
-0.00662567
-0.00700288
-0.00739161
-0.00779225
-0.00820518
-0.00863079
-0.00906948
-0.00952166
-0.0099878
-0.0104682
-0.0109636
-0.0114739
-0.0120006
-0.0125424
-0.013103
-0.0136773
-0.0142751
-0.0148833
-0.0155194
-0.016167
-0.0168316
-0.0175285
-0.0181988
-0.0188984
-0.0195789
0.00222915
0.00209122
0.00194098
0.00177818
0.00160287
0.00141525
0.0012161
0.00100679
0.000788846
0.000564073
0.00033424
0.00010081
-0.000134738
-0.000371676
-0.000609774
-0.000848717
-0.00108936
-0.00133276
-0.00157823
-0.00182541
-0.00207574
-0.00233049
-0.00258984
-0.00285418
-0.0031243
-0.00340091
-0.00368448
-0.00397551
-0.00427448
-0.00458186
-0.00489806
-0.0052235
-0.00555855
-0.0059036
-0.00625903
-0.00662522
-0.00700253
-0.00739134
-0.00779205
-0.00820503
-0.00863067
-0.0090694
-0.00952161
-0.00998776
-0.0104682
-0.0109636
-0.0114739
-0.0120006
-0.0125424
-0.0131031
-0.0136774
-0.0142752
-0.0148834
-0.0155196
-0.0161673
-0.016832
-0.017529
-0.0181995
-0.0188991
-0.0195797
0.00217688
0.002042
0.00189545
0.00173689
0.00156631
0.0013839
0.00119027
0.000986582
0.000774165
0.000554577
0.000329387
9.99138e-05
-0.000132547
-0.000367169
-0.00060364
-0.000841665
-0.0010817
-0.00132459
-0.00157006
-0.00181776
-0.00206869
-0.00232399
-0.002584
-0.00284906
-0.00311988
-0.00339711
-0.00368127
-0.00397282
-0.00427226
-0.00458004
-0.00489658
-0.0052223
-0.0055576
-0.00590285
-0.00625844
-0.00662476
-0.00700217
-0.00739107
-0.00779184
-0.00820487
-0.00863056
-0.00906932
-0.00952155
-0.00998772
-0.0104682
-0.0109636
-0.0114739
-0.0120007
-0.0125425
-0.0131031
-0.0136775
-0.0142753
-0.0148836
-0.0155198
-0.0161676
-0.0168325
-0.0175296
-0.0182001
-0.0188998
-0.0195805
0.00212687
0.00199485
0.00185171
0.00169709
0.00153091
0.00135332
0.00116482
0.000966365
0.000759128
0.00054444
0.000323679
9.80376e-05
-0.000131344
-0.000363614
-0.000598372
-0.000835332
-0.00107469
-0.00131707
-0.00156242
-0.00181049
-0.00206194
-0.00231774
-0.00257834
-0.00284406
-0.00311553
-0.00339338
-0.00367809
-0.00397015
-0.00427004
-0.00457822
-0.0048951
-0.00522111
-0.00555664
-0.00590209
-0.00625785
-0.00662429
-0.00700181
-0.0073908
-0.00779163
-0.00820472
-0.00863044
-0.00906923
-0.00952149
-0.00998768
-0.0104681
-0.0109636
-0.0114739
-0.0120007
-0.0125425
-0.0131031
-0.0136776
-0.0142754
-0.0148838
-0.0155201
-0.0161679
-0.0168329
-0.0175301
-0.0182007
-0.0189005
-0.0195813
0.00207917
0.00194981
0.00180982
0.00165885
0.00149675
0.00132361
0.00113986
0.000946278
0.000743878
0.000533801
0.000317249
9.52946e-05
-0.000131052
-0.000360953
-0.000593941
-0.000829724
-0.00106833
-0.00131018
-0.00155533
-0.00180362
-0.0020555
-0.00231176
-0.00257288
-0.00283921
-0.0031113
-0.00338971
-0.00367497
-0.00396752
-0.00426785
-0.00457641
-0.00489363
-0.00521991
-0.00555568
-0.00590133
-0.00625725
-0.00662383
-0.00700146
-0.00739052
-0.00779143
-0.00820456
-0.00863033
-0.00906915
-0.00952143
-0.00998764
-0.0104681
-0.0109636
-0.0114739
-0.0120007
-0.0125425
-0.0131032
-0.0136776
-0.0142755
-0.0148839
-0.0155203
-0.0161683
-0.0168333
-0.0175306
-0.0182013
-0.0189012
-0.019582
0.00203384
0.00190694
0.00176987
0.00162225
0.00146391
0.00129489
0.00111552
0.000926458
0.000728556
0.000522801
0.000310231
9.18027e-05
-0.000131581
-0.000359122
-0.000590309
-0.000824833
-0.00106262
-0.0013039
-0.00154878
-0.00179718
-0.0020494
-0.00230607
-0.00256766
-0.00283454
-0.00310719
-0.00338615
-0.00367191
-0.00396494
-0.0042657
-0.00457463
-0.00489217
-0.00521873
-0.00555474
-0.00590058
-0.00625666
-0.00662337
-0.0070011
-0.00739025
-0.00779122
-0.00820441
-0.00863021
-0.00906907
-0.00952137
-0.0099876
-0.0104681
-0.0109635
-0.0114739
-0.0120007
-0.0125425
-0.0131032
-0.0136777
-0.0142756
-0.0148841
-0.0155205
-0.0161686
-0.0168337
-0.0175311
-0.0182019
-0.0189018
-0.0195827
0.00199093
0.00186631
0.00173193
0.0015874
0.00143251
0.00126727
0.00109194
0.000907045
0.000713312
0.000511584
0.000302758
8.76822e-05
-0.000132837
-0.000358053
-0.000587431
-0.000820644
-0.00105754
-0.00129823
-0.00154279
-0.00179121
-0.00204367
-0.00230068
-0.0025627
-0.00283007
-0.00310324
-0.00338271
-0.00366895
-0.00396243
-0.00426359
-0.00457288
-0.00489074
-0.00521757
-0.0055538
-0.00589984
-0.00625607
-0.00662291
-0.00700075
-0.00738998
-0.00779102
-0.00820425
-0.0086301
-0.00906898
-0.00952131
-0.00998756
-0.0104681
-0.0109635
-0.0114739
-0.0120007
-0.0125426
-0.0131033
-0.0136778
-0.0142757
-0.0148843
-0.0155207
-0.0161689
-0.0168341
-0.0175316
-0.0182025
-0.0189024
-0.0195834
0.00195054
0.00182801
0.00169609
0.00155438
0.00140266
0.00124087
0.00106924
0.000888176
0.000698292
0.000500298
0.00029497
8.30569e-05
-0.000134721
-0.000357669
-0.000585254
-0.00081713
-0.0010531
-0.00129316
-0.00153736
-0.00178571
-0.00203834
-0.00229564
-0.00255801
-0.00282582
-0.00309946
-0.0033794
-0.0036661
-0.00396
-0.00426155
-0.00457119
-0.00488935
-0.00521644
-0.00555289
-0.00589911
-0.0062555
-0.00662246
-0.0070004
-0.00738972
-0.00779082
-0.0082041
-0.00862999
-0.0090689
-0.00952125
-0.00998752
-0.0104681
-0.0109635
-0.0114739
-0.0120007
-0.0125426
-0.0131033
-0.0136779
-0.0142758
-0.0148844
-0.0155209
-0.0161692
-0.0168345
-0.0175321
-0.0182031
-0.018903
-0.0195841
0.00191275
0.00179214
0.00166246
0.00152331
0.00137446
0.00121583
0.00104756
0.000869997
0.00068364
0.000489088
0.000287008
7.80553e-05
-0.000137124
-0.00035789
-0.000583719
-0.000814258
-0.00104927
-0.00128868
-0.00153249
-0.0017807
-0.00203343
-0.00229095
-0.00255364
-0.00282183
-0.00309589
-0.00337626
-0.00366338
-0.00395768
-0.00425959
-0.00456956
-0.004888
-0.00521535
-0.00555201
-0.00589841
-0.00625494
-0.00662203
-0.00700007
-0.00738946
-0.00779062
-0.00820396
-0.00862988
-0.00906882
-0.0095212
-0.00998748
-0.010468
-0.0109635
-0.0114739
-0.0120007
-0.0125426
-0.0131034
-0.0136779
-0.0142759
-0.0148846
-0.0155211
-0.0161695
-0.0168348
-0.0175326
-0.0182036
-0.0189036
-0.0195847
0.00187769
0.00175881
0.00163114
0.0014943
0.00134805
0.00119227
0.00102705
0.000852659
0.000669507
0.000478101
0.000279011
7.28051e-05
-0.000139938
-0.000358626
-0.000582762
-0.000811987
-0.00104604
-0.00128478
-0.00152817
-0.0017762
-0.00202896
-0.00228665
-0.0025496
-0.00281811
-0.00309255
-0.00337331
-0.00366082
-0.00395548
-0.00425773
-0.00456801
-0.00488672
-0.0052143
-0.00555117
-0.00589773
-0.00625441
-0.00662161
-0.00699974
-0.00738921
-0.00779043
-0.00820382
-0.00862978
-0.00906875
-0.00952114
-0.00998744
-0.010468
-0.0109635
-0.0114739
-0.0120007
-0.0125426
-0.0131034
-0.013678
-0.014276
-0.0148847
-0.0155213
-0.0161697
-0.0168352
-0.017533
-0.0182041
-0.0189041
-0.0195853
0.00184549
0.00172814
0.00160227
0.0014675
0.00132356
0.00117034
0.00100786
0.00083632
0.000656051
0.000467489
0.000271121
6.74332e-05
-0.000143052
-0.000359792
-0.000582318
-0.000810276
-0.00104338
-0.00128145
-0.0015244
-0.00177222
-0.00202495
-0.00228276
-0.00254591
-0.00281471
-0.00308947
-0.00337058
-0.00365843
-0.00395342
-0.00425599
-0.00456655
-0.00488551
-0.00521331
-0.00555037
-0.00589709
-0.0062539
-0.00662122
-0.00699944
-0.00738898
-0.00779025
-0.00820368
-0.00862968
-0.00906868
-0.00952109
-0.00998741
-0.010468
-0.0109635
-0.0114739
-0.0120007
-0.0125427
-0.0131034
-0.013678
-0.0142761
-0.0148848
-0.0155215
-0.01617
-0.0168355
-0.0175334
-0.0182046
-0.0189046
-0.0195858
0.00181628
0.00170029
0.00157599
0.00144303
0.00130116
0.0011502
0.000990145
0.000821139
0.000643438
0.000457417
0.00026349
6.20788e-05
-0.000146346
-0.000361288
-0.000582315
-0.000809076
-0.00104127
-0.00127868
-0.00152119
-0.00176876
-0.00202142
-0.0022793
-0.00254261
-0.00281164
-0.00308668
-0.00336809
-0.00365624
-0.00395154
-0.00425438
-0.0045652
-0.00488439
-0.00521239
-0.00554962
-0.0058965
-0.00625343
-0.00662085
-0.00699915
-0.00738876
-0.00779009
-0.00820356
-0.00862958
-0.00906861
-0.00952104
-0.00998738
-0.010468
-0.0109635
-0.0114739
-0.0120007
-0.0125427
-0.0131035
-0.0136781
-0.0142762
-0.014885
-0.0155217
-0.0161702
-0.0168358
-0.0175337
-0.018205
-0.0189051
-0.0195863
0.00179022
0.00167538
0.00155245
0.00142108
0.00128099
0.001132
0.000974066
0.000807273
0.000631829
0.000448047
0.000256278
5.68925e-05
-0.000149681
-0.000362994
-0.000582652
-0.000808307
-0.00103965
-0.00127643
-0.00151851
-0.00176583
-0.0020184
-0.0022763
-0.00253973
-0.00280894
-0.00308421
-0.00336588
-0.0036543
-0.00394986
-0.00425295
-0.00456399
-0.00488339
-0.00521158
-0.00554896
-0.00589597
-0.00625301
-0.00662052
-0.00699889
-0.00738856
-0.00778994
-0.00820344
-0.0086295
-0.00906855
-0.009521
-0.00998735
-0.0104679
-0.0109635
-0.0114739
-0.0120008
-0.0125427
-0.0131035
-0.0136782
-0.0142762
-0.0148851
-0.0155218
-0.0161704
-0.0168361
-0.0175341
-0.0182054
-0.0189055
-0.0195868
0.00176735
0.00165349
0.00153175
0.00140175
0.00126319
0.00111587
0.000959731
0.000794827
0.000621321
0.00043947
0.00024957
5.19574e-05
-0.000152976
-0.000364834
-0.000583255
-0.000807895
-0.00103843
-0.00127462
-0.00151627
-0.00176332
-0.00201575
-0.00227363
-0.00253713
-0.00280648
-0.00308194
-0.00336382
-0.00365247
-0.00394826
-0.00425159
-0.00456284
-0.00488243
-0.00521078
-0.00554831
-0.00589545
-0.0062526
-0.00662019
-0.00699864
-0.00738837
-0.00778979
-0.00820333
-0.00862942
-0.00906849
-0.00952096
-0.00998732
-0.0104679
-0.0109635
-0.0114739
-0.0120008
-0.0125427
-0.0131035
-0.0136782
-0.0142763
-0.0148852
-0.015522
-0.0161706
-0.0168363
-0.0175344
-0.0182057
-0.0189059
-0.0195872
0.00174766
0.00163472
0.00151398
0.00138508
0.00124773
0.00110175
0.000947055
0.000783674
0.000611736
0.000431454
0.000243084
4.69386e-05
-0.000156628
-0.000367269
-0.000584647
-0.00080842
-0.00103826
-0.00127392
-0.00151518
-0.00176195
-0.00201421
-0.00227202
-0.00253552
-0.00280492
-0.00308048
-0.00336249
-0.00365128
-0.00394722
-0.00425069
-0.00456207
-0.00488179
-0.00521026
-0.00554789
-0.0058951
-0.00625233
-0.00661998
-0.00699848
-0.00738824
-0.0077897
-0.00820326
-0.00862937
-0.00906845
-0.00952093
-0.0099873
-0.0104679
-0.0109634
-0.0114739
-0.0120008
-0.0125427
-0.0131036
-0.0136782
-0.0142764
-0.0148853
-0.0155221
-0.0161708
-0.0168365
-0.0175346
-0.018206
-0.0189062
-0.0195875
0.00173346
0.00162098
0.00150091
0.00137286
0.00123652
0.00109163
0.000938099
0.000775925
0.000605229
0.00042619
0.000239037
4.40568e-05
-0.000158436
-0.000368132
-0.000584713
-0.000807838
-0.00103718
-0.00127246
-0.00151345
-0.00176004
-0.00201221
-0.00227001
-0.00253356
-0.00280307
-0.00307877
-0.00336094
-0.00364991
-0.00394603
-0.00424966
-0.00456121
-0.00488107
-0.00520966
-0.0055474
-0.00589471
-0.00625202
-0.00661974
-0.00699829
-0.0073881
-0.00778959
-0.00820318
-0.00862931
-0.00906841
-0.0095209
-0.00998728
-0.0104679
-0.0109634
-0.0114739
-0.0120008
-0.0125427
-0.0131036
-0.0136783
-0.0142764
-0.0148853
-0.0155222
-0.0161709
-0.0168367
-0.0175348
-0.0182062
-0.0189064
-0.0195878
0.00171889
0.00160698
0.00148758
0.00136027
0.00122469
0.00108063
0.000927985
0.00076676
0.000597072
0.000419081
0.000232986
3.90428e-05
-0.000162466
-0.000371262
-0.000587053
-0.000809512
-0.00103832
-0.00127317
-0.00151378
-0.00176003
-0.00201193
-0.00226951
-0.00253292
-0.00280234
-0.00307802
-0.00336021
-0.00364922
-0.00394539
-0.0042491
-0.00456072
-0.00488065
-0.00520931
-0.00554712
-0.00589448
-0.00625184
-0.00661959
-0.00699818
-0.00738801
-0.00778952
-0.00820313
-0.00862927
-0.00906838
-0.00952088
-0.00998727
-0.0104679
-0.0109634
-0.0114739
-0.0120008
-0.0125428
-0.0131036
-0.0136783
-0.0142764
-0.0148854
-0.0155222
-0.016171
-0.0168368
-0.017535
-0.0182064
-0.0189067
-0.0195881
)
;

boundaryField
{
    zeroGradientPlanes
    {
        type            zeroGradient;
    }
    inlet
    {
        type            zeroGradient;
    }
    plate
    {
        type            zeroGradient;
    }
    frontAndBack
    {
        type            empty;
    }
}


// ************************************************************************* //
