/*--------------------------------*- C++ -*----------------------------------*\
| =========                 |                                                 |
| \\      /  F ield         | OpenFOAM: The Open Source CFD Toolbox           |
|  \\    /   O peration     | Version:  v2012                                 |
|   \\  /    A nd           | Website:  www.openfoam.com                      |
|    \\/     M anipulation  |                                                 |
\*---------------------------------------------------------------------------*/
FoamFile
{
    version     2.0;
    format      ascii;
    class       labelList;
    note        "nPoints:16362  nCells:8000  nFaces:32180  nInternalFaces:15820";
    location    "constant/polyMesh";
    object      neighbour;
}
// * * * * * * * * * * * * * * * * * * * * * * * * * * * * * * * * * * * * * //


15820
(
1
20
2
21
3
22
4
23
5
24
6
25
7
26
8
27
9
28
10
29
11
30
12
31
13
32
14
33
15
34
16
35
17
36
18
37
19
38
39
2000
21
40
22
41
23
42
24
43
25
44
26
45
27
46
28
47
29
48
30
49
31
50
32
51
33
52
34
53
35
54
36
55
37
56
38
57
39
58
59
2060
41
60
42
61
43
62
44
63
45
64
46
65
47
66
48
67
49
68
50
69
51
70
52
71
53
72
54
73
55
74
56
75
57
76
58
77
59
78
79
2120
61
80
62
81
63
82
64
83
65
84
66
85
67
86
68
87
69
88
70
89
71
90
72
91
73
92
74
93
75
94
76
95
77
96
78
97
79
98
99
2180
81
100
82
101
83
102
84
103
85
104
86
105
87
106
88
107
89
108
90
109
91
110
92
111
93
112
94
113
95
114
96
115
97
116
98
117
99
118
119
2240
101
120
102
121
103
122
104
123
105
124
106
125
107
126
108
127
109
128
110
129
111
130
112
131
113
132
114
133
115
134
116
135
117
136
118
137
119
138
139
2300
121
140
122
141
123
142
124
143
125
144
126
145
127
146
128
147
129
148
130
149
131
150
132
151
133
152
134
153
135
154
136
155
137
156
138
157
139
158
159
2360
141
160
142
161
143
162
144
163
145
164
146
165
147
166
148
167
149
168
150
169
151
170
152
171
153
172
154
173
155
174
156
175
157
176
158
177
159
178
179
2420
161
180
162
181
163
182
164
183
165
184
166
185
167
186
168
187
169
188
170
189
171
190
172
191
173
192
174
193
175
194
176
195
177
196
178
197
179
198
199
2480
181
200
182
201
183
202
184
203
185
204
186
205
187
206
188
207
189
208
190
209
191
210
192
211
193
212
194
213
195
214
196
215
197
216
198
217
199
218
219
2540
201
220
202
221
203
222
204
223
205
224
206
225
207
226
208
227
209
228
210
229
211
230
212
231
213
232
214
233
215
234
216
235
217
236
218
237
219
238
239
2600
221
240
222
241
223
242
224
243
225
244
226
245
227
246
228
247
229
248
230
249
231
250
232
251
233
252
234
253
235
254
236
255
237
256
238
257
239
258
259
2660
241
260
242
261
243
262
244
263
245
264
246
265
247
266
248
267
249
268
250
269
251
270
252
271
253
272
254
273
255
274
256
275
257
276
258
277
259
278
279
2720
261
280
262
281
263
282
264
283
265
284
266
285
267
286
268
287
269
288
270
289
271
290
272
291
273
292
274
293
275
294
276
295
277
296
278
297
279
298
299
2780
281
300
282
301
283
302
284
303
285
304
286
305
287
306
288
307
289
308
290
309
291
310
292
311
293
312
294
313
295
314
296
315
297
316
298
317
299
318
319
2840
301
320
302
321
303
322
304
323
305
324
306
325
307
326
308
327
309
328
310
329
311
330
312
331
313
332
314
333
315
334
316
335
317
336
318
337
319
338
339
2900
321
340
322
341
323
342
324
343
325
344
326
345
327
346
328
347
329
348
330
349
331
350
332
351
333
352
334
353
335
354
336
355
337
356
338
357
339
358
359
2960
341
360
342
361
343
362
344
363
345
364
346
365
347
366
348
367
349
368
350
369
351
370
352
371
353
372
354
373
355
374
356
375
357
376
358
377
359
378
379
3020
361
380
362
381
363
382
364
383
365
384
366
385
367
386
368
387
369
388
370
389
371
390
372
391
373
392
374
393
375
394
376
395
377
396
378
397
379
398
399
3080
381
400
382
401
383
402
384
403
385
404
386
405
387
406
388
407
389
408
390
409
391
410
392
411
393
412
394
413
395
414
396
415
397
416
398
417
399
418
419
3140
401
420
402
421
403
422
404
423
405
424
406
425
407
426
408
427
409
428
410
429
411
430
412
431
413
432
414
433
415
434
416
435
417
436
418
437
419
438
439
3200
421
440
422
441
423
442
424
443
425
444
426
445
427
446
428
447
429
448
430
449
431
450
432
451
433
452
434
453
435
454
436
455
437
456
438
457
439
458
459
3260
441
460
442
461
443
462
444
463
445
464
446
465
447
466
448
467
449
468
450
469
451
470
452
471
453
472
454
473
455
474
456
475
457
476
458
477
459
478
479
3320
461
480
462
481
463
482
464
483
465
484
466
485
467
486
468
487
469
488
470
489
471
490
472
491
473
492
474
493
475
494
476
495
477
496
478
497
479
498
499
3380
481
500
482
501
483
502
484
503
485
504
486
505
487
506
488
507
489
508
490
509
491
510
492
511
493
512
494
513
495
514
496
515
497
516
498
517
499
518
519
3440
501
520
502
521
503
522
504
523
505
524
506
525
507
526
508
527
509
528
510
529
511
530
512
531
513
532
514
533
515
534
516
535
517
536
518
537
519
538
539
3500
521
540
522
541
523
542
524
543
525
544
526
545
527
546
528
547
529
548
530
549
531
550
532
551
533
552
534
553
535
554
536
555
537
556
538
557
539
558
559
3560
541
560
542
561
543
562
544
563
545
564
546
565
547
566
548
567
549
568
550
569
551
570
552
571
553
572
554
573
555
574
556
575
557
576
558
577
559
578
579
3620
561
580
562
581
563
582
564
583
565
584
566
585
567
586
568
587
569
588
570
589
571
590
572
591
573
592
574
593
575
594
576
595
577
596
578
597
579
598
599
3680
581
600
582
601
583
602
584
603
585
604
586
605
587
606
588
607
589
608
590
609
591
610
592
611
593
612
594
613
595
614
596
615
597
616
598
617
599
618
619
3740
601
620
602
621
603
622
604
623
605
624
606
625
607
626
608
627
609
628
610
629
611
630
612
631
613
632
614
633
615
634
616
635
617
636
618
637
619
638
639
3800
621
640
622
641
623
642
624
643
625
644
626
645
627
646
628
647
629
648
630
649
631
650
632
651
633
652
634
653
635
654
636
655
637
656
638
657
639
658
659
3860
641
660
642
661
643
662
644
663
645
664
646
665
647
666
648
667
649
668
650
669
651
670
652
671
653
672
654
673
655
674
656
675
657
676
658
677
659
678
679
3920
661
680
662
681
663
682
664
683
665
684
666
685
667
686
668
687
669
688
670
689
671
690
672
691
673
692
674
693
675
694
676
695
677
696
678
697
679
698
699
3980
681
700
682
701
683
702
684
703
685
704
686
705
687
706
688
707
689
708
690
709
691
710
692
711
693
712
694
713
695
714
696
715
697
716
698
717
699
718
719
4040
701
720
702
721
703
722
704
723
705
724
706
725
707
726
708
727
709
728
710
729
711
730
712
731
713
732
714
733
715
734
716
735
717
736
718
737
719
738
739
4100
721
740
722
741
723
742
724
743
725
744
726
745
727
746
728
747
729
748
730
749
731
750
732
751
733
752
734
753
735
754
736
755
737
756
738
757
739
758
759
4160
741
760
742
761
743
762
744
763
745
764
746
765
747
766
748
767
749
768
750
769
751
770
752
771
753
772
754
773
755
774
756
775
757
776
758
777
759
778
779
4220
761
780
762
781
763
782
764
783
765
784
766
785
767
786
768
787
769
788
770
789
771
790
772
791
773
792
774
793
775
794
776
795
777
796
778
797
779
798
799
4280
781
800
782
801
783
802
784
803
785
804
786
805
787
806
788
807
789
808
790
809
791
810
792
811
793
812
794
813
795
814
796
815
797
816
798
817
799
818
819
4340
801
820
802
821
803
822
804
823
805
824
806
825
807
826
808
827
809
828
810
829
811
830
812
831
813
832
814
833
815
834
816
835
817
836
818
837
819
838
839
4400
821
840
822
841
823
842
824
843
825
844
826
845
827
846
828
847
829
848
830
849
831
850
832
851
833
852
834
853
835
854
836
855
837
856
838
857
839
858
859
4460
841
860
842
861
843
862
844
863
845
864
846
865
847
866
848
867
849
868
850
869
851
870
852
871
853
872
854
873
855
874
856
875
857
876
858
877
859
878
879
4520
861
880
862
881
863
882
864
883
865
884
866
885
867
886
868
887
869
888
870
889
871
890
872
891
873
892
874
893
875
894
876
895
877
896
878
897
879
898
899
4580
881
900
882
901
883
902
884
903
885
904
886
905
887
906
888
907
889
908
890
909
891
910
892
911
893
912
894
913
895
914
896
915
897
916
898
917
899
918
919
4640
901
920
902
921
903
922
904
923
905
924
906
925
907
926
908
927
909
928
910
929
911
930
912
931
913
932
914
933
915
934
916
935
917
936
918
937
919
938
939
4700
921
940
922
941
923
942
924
943
925
944
926
945
927
946
928
947
929
948
930
949
931
950
932
951
933
952
934
953
935
954
936
955
937
956
938
957
939
958
959
4760
941
960
942
961
943
962
944
963
945
964
946
965
947
966
948
967
949
968
950
969
951
970
952
971
953
972
954
973
955
974
956
975
957
976
958
977
959
978
979
4820
961
980
962
981
963
982
964
983
965
984
966
985
967
986
968
987
969
988
970
989
971
990
972
991
973
992
974
993
975
994
976
995
977
996
978
997
979
998
999
4880
981
1000
982
1001
983
1002
984
1003
985
1004
986
1005
987
1006
988
1007
989
1008
990
1009
991
1010
992
1011
993
1012
994
1013
995
1014
996
1015
997
1016
998
1017
999
1018
1019
4940
1001
1020
1002
1021
1003
1022
1004
1023
1005
1024
1006
1025
1007
1026
1008
1027
1009
1028
1010
1029
1011
1030
1012
1031
1013
1032
1014
1033
1015
1034
1016
1035
1017
1036
1018
1037
1019
1038
1039
5000
1021
1040
1022
1041
1023
1042
1024
1043
1025
1044
1026
1045
1027
1046
1028
1047
1029
1048
1030
1049
1031
1050
1032
1051
1033
1052
1034
1053
1035
1054
1036
1055
1037
1056
1038
1057
1039
1058
1059
5060
1041
1060
1042
1061
1043
1062
1044
1063
1045
1064
1046
1065
1047
1066
1048
1067
1049
1068
1050
1069
1051
1070
1052
1071
1053
1072
1054
1073
1055
1074
1056
1075
1057
1076
1058
1077
1059
1078
1079
5120
1061
1080
1062
1081
1063
1082
1064
1083
1065
1084
1066
1085
1067
1086
1068
1087
1069
1088
1070
1089
1071
1090
1072
1091
1073
1092
1074
1093
1075
1094
1076
1095
1077
1096
1078
1097
1079
1098
1099
5180
1081
1100
1082
1101
1083
1102
1084
1103
1085
1104
1086
1105
1087
1106
1088
1107
1089
1108
1090
1109
1091
1110
1092
1111
1093
1112
1094
1113
1095
1114
1096
1115
1097
1116
1098
1117
1099
1118
1119
5240
1101
1120
1102
1121
1103
1122
1104
1123
1105
1124
1106
1125
1107
1126
1108
1127
1109
1128
1110
1129
1111
1130
1112
1131
1113
1132
1114
1133
1115
1134
1116
1135
1117
1136
1118
1137
1119
1138
1139
5300
1121
1140
1122
1141
1123
1142
1124
1143
1125
1144
1126
1145
1127
1146
1128
1147
1129
1148
1130
1149
1131
1150
1132
1151
1133
1152
1134
1153
1135
1154
1136
1155
1137
1156
1138
1157
1139
1158
1159
5360
1141
1160
1142
1161
1143
1162
1144
1163
1145
1164
1146
1165
1147
1166
1148
1167
1149
1168
1150
1169
1151
1170
1152
1171
1153
1172
1154
1173
1155
1174
1156
1175
1157
1176
1158
1177
1159
1178
1179
5420
1161
1180
1162
1181
1163
1182
1164
1183
1165
1184
1166
1185
1167
1186
1168
1187
1169
1188
1170
1189
1171
1190
1172
1191
1173
1192
1174
1193
1175
1194
1176
1195
1177
1196
1178
1197
1179
1198
1199
5480
1181
1200
1182
1201
1183
1202
1184
1203
1185
1204
1186
1205
1187
1206
1188
1207
1189
1208
1190
1209
1191
1210
1192
1211
1193
1212
1194
1213
1195
1214
1196
1215
1197
1216
1198
1217
1199
1218
1219
5540
1201
1220
1202
1221
1203
1222
1204
1223
1205
1224
1206
1225
1207
1226
1208
1227
1209
1228
1210
1229
1211
1230
1212
1231
1213
1232
1214
1233
1215
1234
1216
1235
1217
1236
1218
1237
1219
1238
1239
5600
1221
1240
1222
1241
1223
1242
1224
1243
1225
1244
1226
1245
1227
1246
1228
1247
1229
1248
1230
1249
1231
1250
1232
1251
1233
1252
1234
1253
1235
1254
1236
1255
1237
1256
1238
1257
1239
1258
1259
5660
1241
1260
1242
1261
1243
1262
1244
1263
1245
1264
1246
1265
1247
1266
1248
1267
1249
1268
1250
1269
1251
1270
1252
1271
1253
1272
1254
1273
1255
1274
1256
1275
1257
1276
1258
1277
1259
1278
1279
5720
1261
1280
1262
1281
1263
1282
1264
1283
1265
1284
1266
1285
1267
1286
1268
1287
1269
1288
1270
1289
1271
1290
1272
1291
1273
1292
1274
1293
1275
1294
1276
1295
1277
1296
1278
1297
1279
1298
1299
5780
1281
1300
1282
1301
1283
1302
1284
1303
1285
1304
1286
1305
1287
1306
1288
1307
1289
1308
1290
1309
1291
1310
1292
1311
1293
1312
1294
1313
1295
1314
1296
1315
1297
1316
1298
1317
1299
1318
1319
5840
1301
1320
1302
1321
1303
1322
1304
1323
1305
1324
1306
1325
1307
1326
1308
1327
1309
1328
1310
1329
1311
1330
1312
1331
1313
1332
1314
1333
1315
1334
1316
1335
1317
1336
1318
1337
1319
1338
1339
5900
1321
1340
1322
1341
1323
1342
1324
1343
1325
1344
1326
1345
1327
1346
1328
1347
1329
1348
1330
1349
1331
1350
1332
1351
1333
1352
1334
1353
1335
1354
1336
1355
1337
1356
1338
1357
1339
1358
1359
5960
1341
1360
1342
1361
1343
1362
1344
1363
1345
1364
1346
1365
1347
1366
1348
1367
1349
1368
1350
1369
1351
1370
1352
1371
1353
1372
1354
1373
1355
1374
1356
1375
1357
1376
1358
1377
1359
1378
1379
6020
1361
1380
1362
1381
1363
1382
1364
1383
1365
1384
1366
1385
1367
1386
1368
1387
1369
1388
1370
1389
1371
1390
1372
1391
1373
1392
1374
1393
1375
1394
1376
1395
1377
1396
1378
1397
1379
1398
1399
6080
1381
1400
1382
1401
1383
1402
1384
1403
1385
1404
1386
1405
1387
1406
1388
1407
1389
1408
1390
1409
1391
1410
1392
1411
1393
1412
1394
1413
1395
1414
1396
1415
1397
1416
1398
1417
1399
1418
1419
6140
1401
1420
1402
1421
1403
1422
1404
1423
1405
1424
1406
1425
1407
1426
1408
1427
1409
1428
1410
1429
1411
1430
1412
1431
1413
1432
1414
1433
1415
1434
1416
1435
1417
1436
1418
1437
1419
1438
1439
6200
1421
1440
1422
1441
1423
1442
1424
1443
1425
1444
1426
1445
1427
1446
1428
1447
1429
1448
1430
1449
1431
1450
1432
1451
1433
1452
1434
1453
1435
1454
1436
1455
1437
1456
1438
1457
1439
1458
1459
6260
1441
1460
1442
1461
1443
1462
1444
1463
1445
1464
1446
1465
1447
1466
1448
1467
1449
1468
1450
1469
1451
1470
1452
1471
1453
1472
1454
1473
1455
1474
1456
1475
1457
1476
1458
1477
1459
1478
1479
6320
1461
1480
1462
1481
1463
1482
1464
1483
1465
1484
1466
1485
1467
1486
1468
1487
1469
1488
1470
1489
1471
1490
1472
1491
1473
1492
1474
1493
1475
1494
1476
1495
1477
1496
1478
1497
1479
1498
1499
6380
1481
1500
1482
1501
1483
1502
1484
1503
1485
1504
1486
1505
1487
1506
1488
1507
1489
1508
1490
1509
1491
1510
1492
1511
1493
1512
1494
1513
1495
1514
1496
1515
1497
1516
1498
1517
1499
1518
1519
6440
1501
1520
1502
1521
1503
1522
1504
1523
1505
1524
1506
1525
1507
1526
1508
1527
1509
1528
1510
1529
1511
1530
1512
1531
1513
1532
1514
1533
1515
1534
1516
1535
1517
1536
1518
1537
1519
1538
1539
6500
1521
1540
1522
1541
1523
1542
1524
1543
1525
1544
1526
1545
1527
1546
1528
1547
1529
1548
1530
1549
1531
1550
1532
1551
1533
1552
1534
1553
1535
1554
1536
1555
1537
1556
1538
1557
1539
1558
1559
6560
1541
1560
1542
1561
1543
1562
1544
1563
1545
1564
1546
1565
1547
1566
1548
1567
1549
1568
1550
1569
1551
1570
1552
1571
1553
1572
1554
1573
1555
1574
1556
1575
1557
1576
1558
1577
1559
1578
1579
6620
1561
1580
1562
1581
1563
1582
1564
1583
1565
1584
1566
1585
1567
1586
1568
1587
1569
1588
1570
1589
1571
1590
1572
1591
1573
1592
1574
1593
1575
1594
1576
1595
1577
1596
1578
1597
1579
1598
1599
6680
1581
1600
1582
1601
1583
1602
1584
1603
1585
1604
1586
1605
1587
1606
1588
1607
1589
1608
1590
1609
1591
1610
1592
1611
1593
1612
1594
1613
1595
1614
1596
1615
1597
1616
1598
1617
1599
1618
1619
6740
1601
1620
1602
1621
1603
1622
1604
1623
1605
1624
1606
1625
1607
1626
1608
1627
1609
1628
1610
1629
1611
1630
1612
1631
1613
1632
1614
1633
1615
1634
1616
1635
1617
1636
1618
1637
1619
1638
1639
6800
1621
1640
1622
1641
1623
1642
1624
1643
1625
1644
1626
1645
1627
1646
1628
1647
1629
1648
1630
1649
1631
1650
1632
1651
1633
1652
1634
1653
1635
1654
1636
1655
1637
1656
1638
1657
1639
1658
1659
6860
1641
1660
1642
1661
1643
1662
1644
1663
1645
1664
1646
1665
1647
1666
1648
1667
1649
1668
1650
1669
1651
1670
1652
1671
1653
1672
1654
1673
1655
1674
1656
1675
1657
1676
1658
1677
1659
1678
1679
6920
1661
1680
1662
1681
1663
1682
1664
1683
1665
1684
1666
1685
1667
1686
1668
1687
1669
1688
1670
1689
1671
1690
1672
1691
1673
1692
1674
1693
1675
1694
1676
1695
1677
1696
1678
1697
1679
1698
1699
6980
1681
1700
1682
1701
1683
1702
1684
1703
1685
1704
1686
1705
1687
1706
1688
1707
1689
1708
1690
1709
1691
1710
1692
1711
1693
1712
1694
1713
1695
1714
1696
1715
1697
1716
1698
1717
1699
1718
1719
7040
1701
1720
1702
1721
1703
1722
1704
1723
1705
1724
1706
1725
1707
1726
1708
1727
1709
1728
1710
1729
1711
1730
1712
1731
1713
1732
1714
1733
1715
1734
1716
1735
1717
1736
1718
1737
1719
1738
1739
7100
1721
1740
1722
1741
1723
1742
1724
1743
1725
1744
1726
1745
1727
1746
1728
1747
1729
1748
1730
1749
1731
1750
1732
1751
1733
1752
1734
1753
1735
1754
1736
1755
1737
1756
1738
1757
1739
1758
1759
7160
1741
1760
1742
1761
1743
1762
1744
1763
1745
1764
1746
1765
1747
1766
1748
1767
1749
1768
1750
1769
1751
1770
1752
1771
1753
1772
1754
1773
1755
1774
1756
1775
1757
1776
1758
1777
1759
1778
1779
7220
1761
1780
1762
1781
1763
1782
1764
1783
1765
1784
1766
1785
1767
1786
1768
1787
1769
1788
1770
1789
1771
1790
1772
1791
1773
1792
1774
1793
1775
1794
1776
1795
1777
1796
1778
1797
1779
1798
1799
7280
1781
1800
1782
1801
1783
1802
1784
1803
1785
1804
1786
1805
1787
1806
1788
1807
1789
1808
1790
1809
1791
1810
1792
1811
1793
1812
1794
1813
1795
1814
1796
1815
1797
1816
1798
1817
1799
1818
1819
7340
1801
1820
1802
1821
1803
1822
1804
1823
1805
1824
1806
1825
1807
1826
1808
1827
1809
1828
1810
1829
1811
1830
1812
1831
1813
1832
1814
1833
1815
1834
1816
1835
1817
1836
1818
1837
1819
1838
1839
7400
1821
1840
1822
1841
1823
1842
1824
1843
1825
1844
1826
1845
1827
1846
1828
1847
1829
1848
1830
1849
1831
1850
1832
1851
1833
1852
1834
1853
1835
1854
1836
1855
1837
1856
1838
1857
1839
1858
1859
7460
1841
1860
1842
1861
1843
1862
1844
1863
1845
1864
1846
1865
1847
1866
1848
1867
1849
1868
1850
1869
1851
1870
1852
1871
1853
1872
1854
1873
1855
1874
1856
1875
1857
1876
1858
1877
1859
1878
1879
7520
1861
1880
1862
1881
1863
1882
1864
1883
1865
1884
1866
1885
1867
1886
1868
1887
1869
1888
1870
1889
1871
1890
1872
1891
1873
1892
1874
1893
1875
1894
1876
1895
1877
1896
1878
1897
1879
1898
1899
7580
1881
1900
1882
1901
1883
1902
1884
1903
1885
1904
1886
1905
1887
1906
1888
1907
1889
1908
1890
1909
1891
1910
1892
1911
1893
1912
1894
1913
1895
1914
1896
1915
1897
1916
1898
1917
1899
1918
1919
7640
1901
1920
1902
1921
1903
1922
1904
1923
1905
1924
1906
1925
1907
1926
1908
1927
1909
1928
1910
1929
1911
1930
1912
1931
1913
1932
1914
1933
1915
1934
1916
1935
1917
1936
1918
1937
1919
1938
1939
7700
1921
1940
1922
1941
1923
1942
1924
1943
1925
1944
1926
1945
1927
1946
1928
1947
1929
1948
1930
1949
1931
1950
1932
1951
1933
1952
1934
1953
1935
1954
1936
1955
1937
1956
1938
1957
1939
1958
1959
7760
1941
1960
1942
1961
1943
1962
1944
1963
1945
1964
1946
1965
1947
1966
1948
1967
1949
1968
1950
1969
1951
1970
1952
1971
1953
1972
1954
1973
1955
1974
1956
1975
1957
1976
1958
1977
1959
1978
1979
7820
1961
1980
1962
1981
1963
1982
1964
1983
1965
1984
1966
1985
1967
1986
1968
1987
1969
1988
1970
1989
1971
1990
1972
1991
1973
1992
1974
1993
1975
1994
1976
1995
1977
1996
1978
1997
1979
1998
1999
7880
1981
1982
1983
1984
1985
1986
1987
1988
1989
1990
1991
1992
1993
1994
1995
1996
1997
1998
1999
7940
2001
2060
2002
2061
2003
2062
2004
2063
2005
2064
2006
2065
2007
2066
2008
2067
2009
2068
2010
2069
2011
2070
2012
2071
2013
2072
2014
2073
2015
2074
2016
2075
2017
2076
2018
2077
2019
2078
2020
2079
2021
2080
2022
2081
2023
2082
2024
2083
2025
2084
2026
2085
2027
2086
2028
2087
2029
2088
2030
2089
2031
2090
2032
2091
2033
2092
2034
2093
2035
2094
2036
2095
2037
2096
2038
2097
2039
2098
2040
2099
2041
2100
2042
2101
2043
2102
2044
2103
2045
2104
2046
2105
2047
2106
2048
2107
2049
2108
2050
2109
2051
2110
2052
2111
2053
2112
2054
2113
2055
2114
2056
2115
2057
2116
2058
2117
2059
2118
2119
2061
2120
2062
2121
2063
2122
2064
2123
2065
2124
2066
2125
2067
2126
2068
2127
2069
2128
2070
2129
2071
2130
2072
2131
2073
2132
2074
2133
2075
2134
2076
2135
2077
2136
2078
2137
2079
2138
2080
2139
2081
2140
2082
2141
2083
2142
2084
2143
2085
2144
2086
2145
2087
2146
2088
2147
2089
2148
2090
2149
2091
2150
2092
2151
2093
2152
2094
2153
2095
2154
2096
2155
2097
2156
2098
2157
2099
2158
2100
2159
2101
2160
2102
2161
2103
2162
2104
2163
2105
2164
2106
2165
2107
2166
2108
2167
2109
2168
2110
2169
2111
2170
2112
2171
2113
2172
2114
2173
2115
2174
2116
2175
2117
2176
2118
2177
2119
2178
2179
2121
2180
2122
2181
2123
2182
2124
2183
2125
2184
2126
2185
2127
2186
2128
2187
2129
2188
2130
2189
2131
2190
2132
2191
2133
2192
2134
2193
2135
2194
2136
2195
2137
2196
2138
2197
2139
2198
2140
2199
2141
2200
2142
2201
2143
2202
2144
2203
2145
2204
2146
2205
2147
2206
2148
2207
2149
2208
2150
2209
2151
2210
2152
2211
2153
2212
2154
2213
2155
2214
2156
2215
2157
2216
2158
2217
2159
2218
2160
2219
2161
2220
2162
2221
2163
2222
2164
2223
2165
2224
2166
2225
2167
2226
2168
2227
2169
2228
2170
2229
2171
2230
2172
2231
2173
2232
2174
2233
2175
2234
2176
2235
2177
2236
2178
2237
2179
2238
2239
2181
2240
2182
2241
2183
2242
2184
2243
2185
2244
2186
2245
2187
2246
2188
2247
2189
2248
2190
2249
2191
2250
2192
2251
2193
2252
2194
2253
2195
2254
2196
2255
2197
2256
2198
2257
2199
2258
2200
2259
2201
2260
2202
2261
2203
2262
2204
2263
2205
2264
2206
2265
2207
2266
2208
2267
2209
2268
2210
2269
2211
2270
2212
2271
2213
2272
2214
2273
2215
2274
2216
2275
2217
2276
2218
2277
2219
2278
2220
2279
2221
2280
2222
2281
2223
2282
2224
2283
2225
2284
2226
2285
2227
2286
2228
2287
2229
2288
2230
2289
2231
2290
2232
2291
2233
2292
2234
2293
2235
2294
2236
2295
2237
2296
2238
2297
2239
2298
2299
2241
2300
2242
2301
2243
2302
2244
2303
2245
2304
2246
2305
2247
2306
2248
2307
2249
2308
2250
2309
2251
2310
2252
2311
2253
2312
2254
2313
2255
2314
2256
2315
2257
2316
2258
2317
2259
2318
2260
2319
2261
2320
2262
2321
2263
2322
2264
2323
2265
2324
2266
2325
2267
2326
2268
2327
2269
2328
2270
2329
2271
2330
2272
2331
2273
2332
2274
2333
2275
2334
2276
2335
2277
2336
2278
2337
2279
2338
2280
2339
2281
2340
2282
2341
2283
2342
2284
2343
2285
2344
2286
2345
2287
2346
2288
2347
2289
2348
2290
2349
2291
2350
2292
2351
2293
2352
2294
2353
2295
2354
2296
2355
2297
2356
2298
2357
2299
2358
2359
2301
2360
2302
2361
2303
2362
2304
2363
2305
2364
2306
2365
2307
2366
2308
2367
2309
2368
2310
2369
2311
2370
2312
2371
2313
2372
2314
2373
2315
2374
2316
2375
2317
2376
2318
2377
2319
2378
2320
2379
2321
2380
2322
2381
2323
2382
2324
2383
2325
2384
2326
2385
2327
2386
2328
2387
2329
2388
2330
2389
2331
2390
2332
2391
2333
2392
2334
2393
2335
2394
2336
2395
2337
2396
2338
2397
2339
2398
2340
2399
2341
2400
2342
2401
2343
2402
2344
2403
2345
2404
2346
2405
2347
2406
2348
2407
2349
2408
2350
2409
2351
2410
2352
2411
2353
2412
2354
2413
2355
2414
2356
2415
2357
2416
2358
2417
2359
2418
2419
2361
2420
2362
2421
2363
2422
2364
2423
2365
2424
2366
2425
2367
2426
2368
2427
2369
2428
2370
2429
2371
2430
2372
2431
2373
2432
2374
2433
2375
2434
2376
2435
2377
2436
2378
2437
2379
2438
2380
2439
2381
2440
2382
2441
2383
2442
2384
2443
2385
2444
2386
2445
2387
2446
2388
2447
2389
2448
2390
2449
2391
2450
2392
2451
2393
2452
2394
2453
2395
2454
2396
2455
2397
2456
2398
2457
2399
2458
2400
2459
2401
2460
2402
2461
2403
2462
2404
2463
2405
2464
2406
2465
2407
2466
2408
2467
2409
2468
2410
2469
2411
2470
2412
2471
2413
2472
2414
2473
2415
2474
2416
2475
2417
2476
2418
2477
2419
2478
2479
2421
2480
2422
2481
2423
2482
2424
2483
2425
2484
2426
2485
2427
2486
2428
2487
2429
2488
2430
2489
2431
2490
2432
2491
2433
2492
2434
2493
2435
2494
2436
2495
2437
2496
2438
2497
2439
2498
2440
2499
2441
2500
2442
2501
2443
2502
2444
2503
2445
2504
2446
2505
2447
2506
2448
2507
2449
2508
2450
2509
2451
2510
2452
2511
2453
2512
2454
2513
2455
2514
2456
2515
2457
2516
2458
2517
2459
2518
2460
2519
2461
2520
2462
2521
2463
2522
2464
2523
2465
2524
2466
2525
2467
2526
2468
2527
2469
2528
2470
2529
2471
2530
2472
2531
2473
2532
2474
2533
2475
2534
2476
2535
2477
2536
2478
2537
2479
2538
2539
2481
2540
2482
2541
2483
2542
2484
2543
2485
2544
2486
2545
2487
2546
2488
2547
2489
2548
2490
2549
2491
2550
2492
2551
2493
2552
2494
2553
2495
2554
2496
2555
2497
2556
2498
2557
2499
2558
2500
2559
2501
2560
2502
2561
2503
2562
2504
2563
2505
2564
2506
2565
2507
2566
2508
2567
2509
2568
2510
2569
2511
2570
2512
2571
2513
2572
2514
2573
2515
2574
2516
2575
2517
2576
2518
2577
2519
2578
2520
2579
2521
2580
2522
2581
2523
2582
2524
2583
2525
2584
2526
2585
2527
2586
2528
2587
2529
2588
2530
2589
2531
2590
2532
2591
2533
2592
2534
2593
2535
2594
2536
2595
2537
2596
2538
2597
2539
2598
2599
2541
2600
2542
2601
2543
2602
2544
2603
2545
2604
2546
2605
2547
2606
2548
2607
2549
2608
2550
2609
2551
2610
2552
2611
2553
2612
2554
2613
2555
2614
2556
2615
2557
2616
2558
2617
2559
2618
2560
2619
2561
2620
2562
2621
2563
2622
2564
2623
2565
2624
2566
2625
2567
2626
2568
2627
2569
2628
2570
2629
2571
2630
2572
2631
2573
2632
2574
2633
2575
2634
2576
2635
2577
2636
2578
2637
2579
2638
2580
2639
2581
2640
2582
2641
2583
2642
2584
2643
2585
2644
2586
2645
2587
2646
2588
2647
2589
2648
2590
2649
2591
2650
2592
2651
2593
2652
2594
2653
2595
2654
2596
2655
2597
2656
2598
2657
2599
2658
2659
2601
2660
2602
2661
2603
2662
2604
2663
2605
2664
2606
2665
2607
2666
2608
2667
2609
2668
2610
2669
2611
2670
2612
2671
2613
2672
2614
2673
2615
2674
2616
2675
2617
2676
2618
2677
2619
2678
2620
2679
2621
2680
2622
2681
2623
2682
2624
2683
2625
2684
2626
2685
2627
2686
2628
2687
2629
2688
2630
2689
2631
2690
2632
2691
2633
2692
2634
2693
2635
2694
2636
2695
2637
2696
2638
2697
2639
2698
2640
2699
2641
2700
2642
2701
2643
2702
2644
2703
2645
2704
2646
2705
2647
2706
2648
2707
2649
2708
2650
2709
2651
2710
2652
2711
2653
2712
2654
2713
2655
2714
2656
2715
2657
2716
2658
2717
2659
2718
2719
2661
2720
2662
2721
2663
2722
2664
2723
2665
2724
2666
2725
2667
2726
2668
2727
2669
2728
2670
2729
2671
2730
2672
2731
2673
2732
2674
2733
2675
2734
2676
2735
2677
2736
2678
2737
2679
2738
2680
2739
2681
2740
2682
2741
2683
2742
2684
2743
2685
2744
2686
2745
2687
2746
2688
2747
2689
2748
2690
2749
2691
2750
2692
2751
2693
2752
2694
2753
2695
2754
2696
2755
2697
2756
2698
2757
2699
2758
2700
2759
2701
2760
2702
2761
2703
2762
2704
2763
2705
2764
2706
2765
2707
2766
2708
2767
2709
2768
2710
2769
2711
2770
2712
2771
2713
2772
2714
2773
2715
2774
2716
2775
2717
2776
2718
2777
2719
2778
2779
2721
2780
2722
2781
2723
2782
2724
2783
2725
2784
2726
2785
2727
2786
2728
2787
2729
2788
2730
2789
2731
2790
2732
2791
2733
2792
2734
2793
2735
2794
2736
2795
2737
2796
2738
2797
2739
2798
2740
2799
2741
2800
2742
2801
2743
2802
2744
2803
2745
2804
2746
2805
2747
2806
2748
2807
2749
2808
2750
2809
2751
2810
2752
2811
2753
2812
2754
2813
2755
2814
2756
2815
2757
2816
2758
2817
2759
2818
2760
2819
2761
2820
2762
2821
2763
2822
2764
2823
2765
2824
2766
2825
2767
2826
2768
2827
2769
2828
2770
2829
2771
2830
2772
2831
2773
2832
2774
2833
2775
2834
2776
2835
2777
2836
2778
2837
2779
2838
2839
2781
2840
2782
2841
2783
2842
2784
2843
2785
2844
2786
2845
2787
2846
2788
2847
2789
2848
2790
2849
2791
2850
2792
2851
2793
2852
2794
2853
2795
2854
2796
2855
2797
2856
2798
2857
2799
2858
2800
2859
2801
2860
2802
2861
2803
2862
2804
2863
2805
2864
2806
2865
2807
2866
2808
2867
2809
2868
2810
2869
2811
2870
2812
2871
2813
2872
2814
2873
2815
2874
2816
2875
2817
2876
2818
2877
2819
2878
2820
2879
2821
2880
2822
2881
2823
2882
2824
2883
2825
2884
2826
2885
2827
2886
2828
2887
2829
2888
2830
2889
2831
2890
2832
2891
2833
2892
2834
2893
2835
2894
2836
2895
2837
2896
2838
2897
2839
2898
2899
2841
2900
2842
2901
2843
2902
2844
2903
2845
2904
2846
2905
2847
2906
2848
2907
2849
2908
2850
2909
2851
2910
2852
2911
2853
2912
2854
2913
2855
2914
2856
2915
2857
2916
2858
2917
2859
2918
2860
2919
2861
2920
2862
2921
2863
2922
2864
2923
2865
2924
2866
2925
2867
2926
2868
2927
2869
2928
2870
2929
2871
2930
2872
2931
2873
2932
2874
2933
2875
2934
2876
2935
2877
2936
2878
2937
2879
2938
2880
2939
2881
2940
2882
2941
2883
2942
2884
2943
2885
2944
2886
2945
2887
2946
2888
2947
2889
2948
2890
2949
2891
2950
2892
2951
2893
2952
2894
2953
2895
2954
2896
2955
2897
2956
2898
2957
2899
2958
2959
2901
2960
2902
2961
2903
2962
2904
2963
2905
2964
2906
2965
2907
2966
2908
2967
2909
2968
2910
2969
2911
2970
2912
2971
2913
2972
2914
2973
2915
2974
2916
2975
2917
2976
2918
2977
2919
2978
2920
2979
2921
2980
2922
2981
2923
2982
2924
2983
2925
2984
2926
2985
2927
2986
2928
2987
2929
2988
2930
2989
2931
2990
2932
2991
2933
2992
2934
2993
2935
2994
2936
2995
2937
2996
2938
2997
2939
2998
2940
2999
2941
3000
2942
3001
2943
3002
2944
3003
2945
3004
2946
3005
2947
3006
2948
3007
2949
3008
2950
3009
2951
3010
2952
3011
2953
3012
2954
3013
2955
3014
2956
3015
2957
3016
2958
3017
2959
3018
3019
2961
3020
2962
3021
2963
3022
2964
3023
2965
3024
2966
3025
2967
3026
2968
3027
2969
3028
2970
3029
2971
3030
2972
3031
2973
3032
2974
3033
2975
3034
2976
3035
2977
3036
2978
3037
2979
3038
2980
3039
2981
3040
2982
3041
2983
3042
2984
3043
2985
3044
2986
3045
2987
3046
2988
3047
2989
3048
2990
3049
2991
3050
2992
3051
2993
3052
2994
3053
2995
3054
2996
3055
2997
3056
2998
3057
2999
3058
3000
3059
3001
3060
3002
3061
3003
3062
3004
3063
3005
3064
3006
3065
3007
3066
3008
3067
3009
3068
3010
3069
3011
3070
3012
3071
3013
3072
3014
3073
3015
3074
3016
3075
3017
3076
3018
3077
3019
3078
3079
3021
3080
3022
3081
3023
3082
3024
3083
3025
3084
3026
3085
3027
3086
3028
3087
3029
3088
3030
3089
3031
3090
3032
3091
3033
3092
3034
3093
3035
3094
3036
3095
3037
3096
3038
3097
3039
3098
3040
3099
3041
3100
3042
3101
3043
3102
3044
3103
3045
3104
3046
3105
3047
3106
3048
3107
3049
3108
3050
3109
3051
3110
3052
3111
3053
3112
3054
3113
3055
3114
3056
3115
3057
3116
3058
3117
3059
3118
3060
3119
3061
3120
3062
3121
3063
3122
3064
3123
3065
3124
3066
3125
3067
3126
3068
3127
3069
3128
3070
3129
3071
3130
3072
3131
3073
3132
3074
3133
3075
3134
3076
3135
3077
3136
3078
3137
3079
3138
3139
3081
3140
3082
3141
3083
3142
3084
3143
3085
3144
3086
3145
3087
3146
3088
3147
3089
3148
3090
3149
3091
3150
3092
3151
3093
3152
3094
3153
3095
3154
3096
3155
3097
3156
3098
3157
3099
3158
3100
3159
3101
3160
3102
3161
3103
3162
3104
3163
3105
3164
3106
3165
3107
3166
3108
3167
3109
3168
3110
3169
3111
3170
3112
3171
3113
3172
3114
3173
3115
3174
3116
3175
3117
3176
3118
3177
3119
3178
3120
3179
3121
3180
3122
3181
3123
3182
3124
3183
3125
3184
3126
3185
3127
3186
3128
3187
3129
3188
3130
3189
3131
3190
3132
3191
3133
3192
3134
3193
3135
3194
3136
3195
3137
3196
3138
3197
3139
3198
3199
3141
3200
3142
3201
3143
3202
3144
3203
3145
3204
3146
3205
3147
3206
3148
3207
3149
3208
3150
3209
3151
3210
3152
3211
3153
3212
3154
3213
3155
3214
3156
3215
3157
3216
3158
3217
3159
3218
3160
3219
3161
3220
3162
3221
3163
3222
3164
3223
3165
3224
3166
3225
3167
3226
3168
3227
3169
3228
3170
3229
3171
3230
3172
3231
3173
3232
3174
3233
3175
3234
3176
3235
3177
3236
3178
3237
3179
3238
3180
3239
3181
3240
3182
3241
3183
3242
3184
3243
3185
3244
3186
3245
3187
3246
3188
3247
3189
3248
3190
3249
3191
3250
3192
3251
3193
3252
3194
3253
3195
3254
3196
3255
3197
3256
3198
3257
3199
3258
3259
3201
3260
3202
3261
3203
3262
3204
3263
3205
3264
3206
3265
3207
3266
3208
3267
3209
3268
3210
3269
3211
3270
3212
3271
3213
3272
3214
3273
3215
3274
3216
3275
3217
3276
3218
3277
3219
3278
3220
3279
3221
3280
3222
3281
3223
3282
3224
3283
3225
3284
3226
3285
3227
3286
3228
3287
3229
3288
3230
3289
3231
3290
3232
3291
3233
3292
3234
3293
3235
3294
3236
3295
3237
3296
3238
3297
3239
3298
3240
3299
3241
3300
3242
3301
3243
3302
3244
3303
3245
3304
3246
3305
3247
3306
3248
3307
3249
3308
3250
3309
3251
3310
3252
3311
3253
3312
3254
3313
3255
3314
3256
3315
3257
3316
3258
3317
3259
3318
3319
3261
3320
3262
3321
3263
3322
3264
3323
3265
3324
3266
3325
3267
3326
3268
3327
3269
3328
3270
3329
3271
3330
3272
3331
3273
3332
3274
3333
3275
3334
3276
3335
3277
3336
3278
3337
3279
3338
3280
3339
3281
3340
3282
3341
3283
3342
3284
3343
3285
3344
3286
3345
3287
3346
3288
3347
3289
3348
3290
3349
3291
3350
3292
3351
3293
3352
3294
3353
3295
3354
3296
3355
3297
3356
3298
3357
3299
3358
3300
3359
3301
3360
3302
3361
3303
3362
3304
3363
3305
3364
3306
3365
3307
3366
3308
3367
3309
3368
3310
3369
3311
3370
3312
3371
3313
3372
3314
3373
3315
3374
3316
3375
3317
3376
3318
3377
3319
3378
3379
3321
3380
3322
3381
3323
3382
3324
3383
3325
3384
3326
3385
3327
3386
3328
3387
3329
3388
3330
3389
3331
3390
3332
3391
3333
3392
3334
3393
3335
3394
3336
3395
3337
3396
3338
3397
3339
3398
3340
3399
3341
3400
3342
3401
3343
3402
3344
3403
3345
3404
3346
3405
3347
3406
3348
3407
3349
3408
3350
3409
3351
3410
3352
3411
3353
3412
3354
3413
3355
3414
3356
3415
3357
3416
3358
3417
3359
3418
3360
3419
3361
3420
3362
3421
3363
3422
3364
3423
3365
3424
3366
3425
3367
3426
3368
3427
3369
3428
3370
3429
3371
3430
3372
3431
3373
3432
3374
3433
3375
3434
3376
3435
3377
3436
3378
3437
3379
3438
3439
3381
3440
3382
3441
3383
3442
3384
3443
3385
3444
3386
3445
3387
3446
3388
3447
3389
3448
3390
3449
3391
3450
3392
3451
3393
3452
3394
3453
3395
3454
3396
3455
3397
3456
3398
3457
3399
3458
3400
3459
3401
3460
3402
3461
3403
3462
3404
3463
3405
3464
3406
3465
3407
3466
3408
3467
3409
3468
3410
3469
3411
3470
3412
3471
3413
3472
3414
3473
3415
3474
3416
3475
3417
3476
3418
3477
3419
3478
3420
3479
3421
3480
3422
3481
3423
3482
3424
3483
3425
3484
3426
3485
3427
3486
3428
3487
3429
3488
3430
3489
3431
3490
3432
3491
3433
3492
3434
3493
3435
3494
3436
3495
3437
3496
3438
3497
3439
3498
3499
3441
3500
3442
3501
3443
3502
3444
3503
3445
3504
3446
3505
3447
3506
3448
3507
3449
3508
3450
3509
3451
3510
3452
3511
3453
3512
3454
3513
3455
3514
3456
3515
3457
3516
3458
3517
3459
3518
3460
3519
3461
3520
3462
3521
3463
3522
3464
3523
3465
3524
3466
3525
3467
3526
3468
3527
3469
3528
3470
3529
3471
3530
3472
3531
3473
3532
3474
3533
3475
3534
3476
3535
3477
3536
3478
3537
3479
3538
3480
3539
3481
3540
3482
3541
3483
3542
3484
3543
3485
3544
3486
3545
3487
3546
3488
3547
3489
3548
3490
3549
3491
3550
3492
3551
3493
3552
3494
3553
3495
3554
3496
3555
3497
3556
3498
3557
3499
3558
3559
3501
3560
3502
3561
3503
3562
3504
3563
3505
3564
3506
3565
3507
3566
3508
3567
3509
3568
3510
3569
3511
3570
3512
3571
3513
3572
3514
3573
3515
3574
3516
3575
3517
3576
3518
3577
3519
3578
3520
3579
3521
3580
3522
3581
3523
3582
3524
3583
3525
3584
3526
3585
3527
3586
3528
3587
3529
3588
3530
3589
3531
3590
3532
3591
3533
3592
3534
3593
3535
3594
3536
3595
3537
3596
3538
3597
3539
3598
3540
3599
3541
3600
3542
3601
3543
3602
3544
3603
3545
3604
3546
3605
3547
3606
3548
3607
3549
3608
3550
3609
3551
3610
3552
3611
3553
3612
3554
3613
3555
3614
3556
3615
3557
3616
3558
3617
3559
3618
3619
3561
3620
3562
3621
3563
3622
3564
3623
3565
3624
3566
3625
3567
3626
3568
3627
3569
3628
3570
3629
3571
3630
3572
3631
3573
3632
3574
3633
3575
3634
3576
3635
3577
3636
3578
3637
3579
3638
3580
3639
3581
3640
3582
3641
3583
3642
3584
3643
3585
3644
3586
3645
3587
3646
3588
3647
3589
3648
3590
3649
3591
3650
3592
3651
3593
3652
3594
3653
3595
3654
3596
3655
3597
3656
3598
3657
3599
3658
3600
3659
3601
3660
3602
3661
3603
3662
3604
3663
3605
3664
3606
3665
3607
3666
3608
3667
3609
3668
3610
3669
3611
3670
3612
3671
3613
3672
3614
3673
3615
3674
3616
3675
3617
3676
3618
3677
3619
3678
3679
3621
3680
3622
3681
3623
3682
3624
3683
3625
3684
3626
3685
3627
3686
3628
3687
3629
3688
3630
3689
3631
3690
3632
3691
3633
3692
3634
3693
3635
3694
3636
3695
3637
3696
3638
3697
3639
3698
3640
3699
3641
3700
3642
3701
3643
3702
3644
3703
3645
3704
3646
3705
3647
3706
3648
3707
3649
3708
3650
3709
3651
3710
3652
3711
3653
3712
3654
3713
3655
3714
3656
3715
3657
3716
3658
3717
3659
3718
3660
3719
3661
3720
3662
3721
3663
3722
3664
3723
3665
3724
3666
3725
3667
3726
3668
3727
3669
3728
3670
3729
3671
3730
3672
3731
3673
3732
3674
3733
3675
3734
3676
3735
3677
3736
3678
3737
3679
3738
3739
3681
3740
3682
3741
3683
3742
3684
3743
3685
3744
3686
3745
3687
3746
3688
3747
3689
3748
3690
3749
3691
3750
3692
3751
3693
3752
3694
3753
3695
3754
3696
3755
3697
3756
3698
3757
3699
3758
3700
3759
3701
3760
3702
3761
3703
3762
3704
3763
3705
3764
3706
3765
3707
3766
3708
3767
3709
3768
3710
3769
3711
3770
3712
3771
3713
3772
3714
3773
3715
3774
3716
3775
3717
3776
3718
3777
3719
3778
3720
3779
3721
3780
3722
3781
3723
3782
3724
3783
3725
3784
3726
3785
3727
3786
3728
3787
3729
3788
3730
3789
3731
3790
3732
3791
3733
3792
3734
3793
3735
3794
3736
3795
3737
3796
3738
3797
3739
3798
3799
3741
3800
3742
3801
3743
3802
3744
3803
3745
3804
3746
3805
3747
3806
3748
3807
3749
3808
3750
3809
3751
3810
3752
3811
3753
3812
3754
3813
3755
3814
3756
3815
3757
3816
3758
3817
3759
3818
3760
3819
3761
3820
3762
3821
3763
3822
3764
3823
3765
3824
3766
3825
3767
3826
3768
3827
3769
3828
3770
3829
3771
3830
3772
3831
3773
3832
3774
3833
3775
3834
3776
3835
3777
3836
3778
3837
3779
3838
3780
3839
3781
3840
3782
3841
3783
3842
3784
3843
3785
3844
3786
3845
3787
3846
3788
3847
3789
3848
3790
3849
3791
3850
3792
3851
3793
3852
3794
3853
3795
3854
3796
3855
3797
3856
3798
3857
3799
3858
3859
3801
3860
3802
3861
3803
3862
3804
3863
3805
3864
3806
3865
3807
3866
3808
3867
3809
3868
3810
3869
3811
3870
3812
3871
3813
3872
3814
3873
3815
3874
3816
3875
3817
3876
3818
3877
3819
3878
3820
3879
3821
3880
3822
3881
3823
3882
3824
3883
3825
3884
3826
3885
3827
3886
3828
3887
3829
3888
3830
3889
3831
3890
3832
3891
3833
3892
3834
3893
3835
3894
3836
3895
3837
3896
3838
3897
3839
3898
3840
3899
3841
3900
3842
3901
3843
3902
3844
3903
3845
3904
3846
3905
3847
3906
3848
3907
3849
3908
3850
3909
3851
3910
3852
3911
3853
3912
3854
3913
3855
3914
3856
3915
3857
3916
3858
3917
3859
3918
3919
3861
3920
3862
3921
3863
3922
3864
3923
3865
3924
3866
3925
3867
3926
3868
3927
3869
3928
3870
3929
3871
3930
3872
3931
3873
3932
3874
3933
3875
3934
3876
3935
3877
3936
3878
3937
3879
3938
3880
3939
3881
3940
3882
3941
3883
3942
3884
3943
3885
3944
3886
3945
3887
3946
3888
3947
3889
3948
3890
3949
3891
3950
3892
3951
3893
3952
3894
3953
3895
3954
3896
3955
3897
3956
3898
3957
3899
3958
3900
3959
3901
3960
3902
3961
3903
3962
3904
3963
3905
3964
3906
3965
3907
3966
3908
3967
3909
3968
3910
3969
3911
3970
3912
3971
3913
3972
3914
3973
3915
3974
3916
3975
3917
3976
3918
3977
3919
3978
3979
3921
3980
3922
3981
3923
3982
3924
3983
3925
3984
3926
3985
3927
3986
3928
3987
3929
3988
3930
3989
3931
3990
3932
3991
3933
3992
3934
3993
3935
3994
3936
3995
3937
3996
3938
3997
3939
3998
3940
3999
3941
4000
3942
4001
3943
4002
3944
4003
3945
4004
3946
4005
3947
4006
3948
4007
3949
4008
3950
4009
3951
4010
3952
4011
3953
4012
3954
4013
3955
4014
3956
4015
3957
4016
3958
4017
3959
4018
3960
4019
3961
4020
3962
4021
3963
4022
3964
4023
3965
4024
3966
4025
3967
4026
3968
4027
3969
4028
3970
4029
3971
4030
3972
4031
3973
4032
3974
4033
3975
4034
3976
4035
3977
4036
3978
4037
3979
4038
4039
3981
4040
3982
4041
3983
4042
3984
4043
3985
4044
3986
4045
3987
4046
3988
4047
3989
4048
3990
4049
3991
4050
3992
4051
3993
4052
3994
4053
3995
4054
3996
4055
3997
4056
3998
4057
3999
4058
4000
4059
4001
4060
4002
4061
4003
4062
4004
4063
4005
4064
4006
4065
4007
4066
4008
4067
4009
4068
4010
4069
4011
4070
4012
4071
4013
4072
4014
4073
4015
4074
4016
4075
4017
4076
4018
4077
4019
4078
4020
4079
4021
4080
4022
4081
4023
4082
4024
4083
4025
4084
4026
4085
4027
4086
4028
4087
4029
4088
4030
4089
4031
4090
4032
4091
4033
4092
4034
4093
4035
4094
4036
4095
4037
4096
4038
4097
4039
4098
4099
4041
4100
4042
4101
4043
4102
4044
4103
4045
4104
4046
4105
4047
4106
4048
4107
4049
4108
4050
4109
4051
4110
4052
4111
4053
4112
4054
4113
4055
4114
4056
4115
4057
4116
4058
4117
4059
4118
4060
4119
4061
4120
4062
4121
4063
4122
4064
4123
4065
4124
4066
4125
4067
4126
4068
4127
4069
4128
4070
4129
4071
4130
4072
4131
4073
4132
4074
4133
4075
4134
4076
4135
4077
4136
4078
4137
4079
4138
4080
4139
4081
4140
4082
4141
4083
4142
4084
4143
4085
4144
4086
4145
4087
4146
4088
4147
4089
4148
4090
4149
4091
4150
4092
4151
4093
4152
4094
4153
4095
4154
4096
4155
4097
4156
4098
4157
4099
4158
4159
4101
4160
4102
4161
4103
4162
4104
4163
4105
4164
4106
4165
4107
4166
4108
4167
4109
4168
4110
4169
4111
4170
4112
4171
4113
4172
4114
4173
4115
4174
4116
4175
4117
4176
4118
4177
4119
4178
4120
4179
4121
4180
4122
4181
4123
4182
4124
4183
4125
4184
4126
4185
4127
4186
4128
4187
4129
4188
4130
4189
4131
4190
4132
4191
4133
4192
4134
4193
4135
4194
4136
4195
4137
4196
4138
4197
4139
4198
4140
4199
4141
4200
4142
4201
4143
4202
4144
4203
4145
4204
4146
4205
4147
4206
4148
4207
4149
4208
4150
4209
4151
4210
4152
4211
4153
4212
4154
4213
4155
4214
4156
4215
4157
4216
4158
4217
4159
4218
4219
4161
4220
4162
4221
4163
4222
4164
4223
4165
4224
4166
4225
4167
4226
4168
4227
4169
4228
4170
4229
4171
4230
4172
4231
4173
4232
4174
4233
4175
4234
4176
4235
4177
4236
4178
4237
4179
4238
4180
4239
4181
4240
4182
4241
4183
4242
4184
4243
4185
4244
4186
4245
4187
4246
4188
4247
4189
4248
4190
4249
4191
4250
4192
4251
4193
4252
4194
4253
4195
4254
4196
4255
4197
4256
4198
4257
4199
4258
4200
4259
4201
4260
4202
4261
4203
4262
4204
4263
4205
4264
4206
4265
4207
4266
4208
4267
4209
4268
4210
4269
4211
4270
4212
4271
4213
4272
4214
4273
4215
4274
4216
4275
4217
4276
4218
4277
4219
4278
4279
4221
4280
4222
4281
4223
4282
4224
4283
4225
4284
4226
4285
4227
4286
4228
4287
4229
4288
4230
4289
4231
4290
4232
4291
4233
4292
4234
4293
4235
4294
4236
4295
4237
4296
4238
4297
4239
4298
4240
4299
4241
4300
4242
4301
4243
4302
4244
4303
4245
4304
4246
4305
4247
4306
4248
4307
4249
4308
4250
4309
4251
4310
4252
4311
4253
4312
4254
4313
4255
4314
4256
4315
4257
4316
4258
4317
4259
4318
4260
4319
4261
4320
4262
4321
4263
4322
4264
4323
4265
4324
4266
4325
4267
4326
4268
4327
4269
4328
4270
4329
4271
4330
4272
4331
4273
4332
4274
4333
4275
4334
4276
4335
4277
4336
4278
4337
4279
4338
4339
4281
4340
4282
4341
4283
4342
4284
4343
4285
4344
4286
4345
4287
4346
4288
4347
4289
4348
4290
4349
4291
4350
4292
4351
4293
4352
4294
4353
4295
4354
4296
4355
4297
4356
4298
4357
4299
4358
4300
4359
4301
4360
4302
4361
4303
4362
4304
4363
4305
4364
4306
4365
4307
4366
4308
4367
4309
4368
4310
4369
4311
4370
4312
4371
4313
4372
4314
4373
4315
4374
4316
4375
4317
4376
4318
4377
4319
4378
4320
4379
4321
4380
4322
4381
4323
4382
4324
4383
4325
4384
4326
4385
4327
4386
4328
4387
4329
4388
4330
4389
4331
4390
4332
4391
4333
4392
4334
4393
4335
4394
4336
4395
4337
4396
4338
4397
4339
4398
4399
4341
4400
4342
4401
4343
4402
4344
4403
4345
4404
4346
4405
4347
4406
4348
4407
4349
4408
4350
4409
4351
4410
4352
4411
4353
4412
4354
4413
4355
4414
4356
4415
4357
4416
4358
4417
4359
4418
4360
4419
4361
4420
4362
4421
4363
4422
4364
4423
4365
4424
4366
4425
4367
4426
4368
4427
4369
4428
4370
4429
4371
4430
4372
4431
4373
4432
4374
4433
4375
4434
4376
4435
4377
4436
4378
4437
4379
4438
4380
4439
4381
4440
4382
4441
4383
4442
4384
4443
4385
4444
4386
4445
4387
4446
4388
4447
4389
4448
4390
4449
4391
4450
4392
4451
4393
4452
4394
4453
4395
4454
4396
4455
4397
4456
4398
4457
4399
4458
4459
4401
4460
4402
4461
4403
4462
4404
4463
4405
4464
4406
4465
4407
4466
4408
4467
4409
4468
4410
4469
4411
4470
4412
4471
4413
4472
4414
4473
4415
4474
4416
4475
4417
4476
4418
4477
4419
4478
4420
4479
4421
4480
4422
4481
4423
4482
4424
4483
4425
4484
4426
4485
4427
4486
4428
4487
4429
4488
4430
4489
4431
4490
4432
4491
4433
4492
4434
4493
4435
4494
4436
4495
4437
4496
4438
4497
4439
4498
4440
4499
4441
4500
4442
4501
4443
4502
4444
4503
4445
4504
4446
4505
4447
4506
4448
4507
4449
4508
4450
4509
4451
4510
4452
4511
4453
4512
4454
4513
4455
4514
4456
4515
4457
4516
4458
4517
4459
4518
4519
4461
4520
4462
4521
4463
4522
4464
4523
4465
4524
4466
4525
4467
4526
4468
4527
4469
4528
4470
4529
4471
4530
4472
4531
4473
4532
4474
4533
4475
4534
4476
4535
4477
4536
4478
4537
4479
4538
4480
4539
4481
4540
4482
4541
4483
4542
4484
4543
4485
4544
4486
4545
4487
4546
4488
4547
4489
4548
4490
4549
4491
4550
4492
4551
4493
4552
4494
4553
4495
4554
4496
4555
4497
4556
4498
4557
4499
4558
4500
4559
4501
4560
4502
4561
4503
4562
4504
4563
4505
4564
4506
4565
4507
4566
4508
4567
4509
4568
4510
4569
4511
4570
4512
4571
4513
4572
4514
4573
4515
4574
4516
4575
4517
4576
4518
4577
4519
4578
4579
4521
4580
4522
4581
4523
4582
4524
4583
4525
4584
4526
4585
4527
4586
4528
4587
4529
4588
4530
4589
4531
4590
4532
4591
4533
4592
4534
4593
4535
4594
4536
4595
4537
4596
4538
4597
4539
4598
4540
4599
4541
4600
4542
4601
4543
4602
4544
4603
4545
4604
4546
4605
4547
4606
4548
4607
4549
4608
4550
4609
4551
4610
4552
4611
4553
4612
4554
4613
4555
4614
4556
4615
4557
4616
4558
4617
4559
4618
4560
4619
4561
4620
4562
4621
4563
4622
4564
4623
4565
4624
4566
4625
4567
4626
4568
4627
4569
4628
4570
4629
4571
4630
4572
4631
4573
4632
4574
4633
4575
4634
4576
4635
4577
4636
4578
4637
4579
4638
4639
4581
4640
4582
4641
4583
4642
4584
4643
4585
4644
4586
4645
4587
4646
4588
4647
4589
4648
4590
4649
4591
4650
4592
4651
4593
4652
4594
4653
4595
4654
4596
4655
4597
4656
4598
4657
4599
4658
4600
4659
4601
4660
4602
4661
4603
4662
4604
4663
4605
4664
4606
4665
4607
4666
4608
4667
4609
4668
4610
4669
4611
4670
4612
4671
4613
4672
4614
4673
4615
4674
4616
4675
4617
4676
4618
4677
4619
4678
4620
4679
4621
4680
4622
4681
4623
4682
4624
4683
4625
4684
4626
4685
4627
4686
4628
4687
4629
4688
4630
4689
4631
4690
4632
4691
4633
4692
4634
4693
4635
4694
4636
4695
4637
4696
4638
4697
4639
4698
4699
4641
4700
4642
4701
4643
4702
4644
4703
4645
4704
4646
4705
4647
4706
4648
4707
4649
4708
4650
4709
4651
4710
4652
4711
4653
4712
4654
4713
4655
4714
4656
4715
4657
4716
4658
4717
4659
4718
4660
4719
4661
4720
4662
4721
4663
4722
4664
4723
4665
4724
4666
4725
4667
4726
4668
4727
4669
4728
4670
4729
4671
4730
4672
4731
4673
4732
4674
4733
4675
4734
4676
4735
4677
4736
4678
4737
4679
4738
4680
4739
4681
4740
4682
4741
4683
4742
4684
4743
4685
4744
4686
4745
4687
4746
4688
4747
4689
4748
4690
4749
4691
4750
4692
4751
4693
4752
4694
4753
4695
4754
4696
4755
4697
4756
4698
4757
4699
4758
4759
4701
4760
4702
4761
4703
4762
4704
4763
4705
4764
4706
4765
4707
4766
4708
4767
4709
4768
4710
4769
4711
4770
4712
4771
4713
4772
4714
4773
4715
4774
4716
4775
4717
4776
4718
4777
4719
4778
4720
4779
4721
4780
4722
4781
4723
4782
4724
4783
4725
4784
4726
4785
4727
4786
4728
4787
4729
4788
4730
4789
4731
4790
4732
4791
4733
4792
4734
4793
4735
4794
4736
4795
4737
4796
4738
4797
4739
4798
4740
4799
4741
4800
4742
4801
4743
4802
4744
4803
4745
4804
4746
4805
4747
4806
4748
4807
4749
4808
4750
4809
4751
4810
4752
4811
4753
4812
4754
4813
4755
4814
4756
4815
4757
4816
4758
4817
4759
4818
4819
4761
4820
4762
4821
4763
4822
4764
4823
4765
4824
4766
4825
4767
4826
4768
4827
4769
4828
4770
4829
4771
4830
4772
4831
4773
4832
4774
4833
4775
4834
4776
4835
4777
4836
4778
4837
4779
4838
4780
4839
4781
4840
4782
4841
4783
4842
4784
4843
4785
4844
4786
4845
4787
4846
4788
4847
4789
4848
4790
4849
4791
4850
4792
4851
4793
4852
4794
4853
4795
4854
4796
4855
4797
4856
4798
4857
4799
4858
4800
4859
4801
4860
4802
4861
4803
4862
4804
4863
4805
4864
4806
4865
4807
4866
4808
4867
4809
4868
4810
4869
4811
4870
4812
4871
4813
4872
4814
4873
4815
4874
4816
4875
4817
4876
4818
4877
4819
4878
4879
4821
4880
4822
4881
4823
4882
4824
4883
4825
4884
4826
4885
4827
4886
4828
4887
4829
4888
4830
4889
4831
4890
4832
4891
4833
4892
4834
4893
4835
4894
4836
4895
4837
4896
4838
4897
4839
4898
4840
4899
4841
4900
4842
4901
4843
4902
4844
4903
4845
4904
4846
4905
4847
4906
4848
4907
4849
4908
4850
4909
4851
4910
4852
4911
4853
4912
4854
4913
4855
4914
4856
4915
4857
4916
4858
4917
4859
4918
4860
4919
4861
4920
4862
4921
4863
4922
4864
4923
4865
4924
4866
4925
4867
4926
4868
4927
4869
4928
4870
4929
4871
4930
4872
4931
4873
4932
4874
4933
4875
4934
4876
4935
4877
4936
4878
4937
4879
4938
4939
4881
4940
4882
4941
4883
4942
4884
4943
4885
4944
4886
4945
4887
4946
4888
4947
4889
4948
4890
4949
4891
4950
4892
4951
4893
4952
4894
4953
4895
4954
4896
4955
4897
4956
4898
4957
4899
4958
4900
4959
4901
4960
4902
4961
4903
4962
4904
4963
4905
4964
4906
4965
4907
4966
4908
4967
4909
4968
4910
4969
4911
4970
4912
4971
4913
4972
4914
4973
4915
4974
4916
4975
4917
4976
4918
4977
4919
4978
4920
4979
4921
4980
4922
4981
4923
4982
4924
4983
4925
4984
4926
4985
4927
4986
4928
4987
4929
4988
4930
4989
4931
4990
4932
4991
4933
4992
4934
4993
4935
4994
4936
4995
4937
4996
4938
4997
4939
4998
4999
4941
5000
4942
5001
4943
5002
4944
5003
4945
5004
4946
5005
4947
5006
4948
5007
4949
5008
4950
5009
4951
5010
4952
5011
4953
5012
4954
5013
4955
5014
4956
5015
4957
5016
4958
5017
4959
5018
4960
5019
4961
5020
4962
5021
4963
5022
4964
5023
4965
5024
4966
5025
4967
5026
4968
5027
4969
5028
4970
5029
4971
5030
4972
5031
4973
5032
4974
5033
4975
5034
4976
5035
4977
5036
4978
5037
4979
5038
4980
5039
4981
5040
4982
5041
4983
5042
4984
5043
4985
5044
4986
5045
4987
5046
4988
5047
4989
5048
4990
5049
4991
5050
4992
5051
4993
5052
4994
5053
4995
5054
4996
5055
4997
5056
4998
5057
4999
5058
5059
5001
5060
5002
5061
5003
5062
5004
5063
5005
5064
5006
5065
5007
5066
5008
5067
5009
5068
5010
5069
5011
5070
5012
5071
5013
5072
5014
5073
5015
5074
5016
5075
5017
5076
5018
5077
5019
5078
5020
5079
5021
5080
5022
5081
5023
5082
5024
5083
5025
5084
5026
5085
5027
5086
5028
5087
5029
5088
5030
5089
5031
5090
5032
5091
5033
5092
5034
5093
5035
5094
5036
5095
5037
5096
5038
5097
5039
5098
5040
5099
5041
5100
5042
5101
5043
5102
5044
5103
5045
5104
5046
5105
5047
5106
5048
5107
5049
5108
5050
5109
5051
5110
5052
5111
5053
5112
5054
5113
5055
5114
5056
5115
5057
5116
5058
5117
5059
5118
5119
5061
5120
5062
5121
5063
5122
5064
5123
5065
5124
5066
5125
5067
5126
5068
5127
5069
5128
5070
5129
5071
5130
5072
5131
5073
5132
5074
5133
5075
5134
5076
5135
5077
5136
5078
5137
5079
5138
5080
5139
5081
5140
5082
5141
5083
5142
5084
5143
5085
5144
5086
5145
5087
5146
5088
5147
5089
5148
5090
5149
5091
5150
5092
5151
5093
5152
5094
5153
5095
5154
5096
5155
5097
5156
5098
5157
5099
5158
5100
5159
5101
5160
5102
5161
5103
5162
5104
5163
5105
5164
5106
5165
5107
5166
5108
5167
5109
5168
5110
5169
5111
5170
5112
5171
5113
5172
5114
5173
5115
5174
5116
5175
5117
5176
5118
5177
5119
5178
5179
5121
5180
5122
5181
5123
5182
5124
5183
5125
5184
5126
5185
5127
5186
5128
5187
5129
5188
5130
5189
5131
5190
5132
5191
5133
5192
5134
5193
5135
5194
5136
5195
5137
5196
5138
5197
5139
5198
5140
5199
5141
5200
5142
5201
5143
5202
5144
5203
5145
5204
5146
5205
5147
5206
5148
5207
5149
5208
5150
5209
5151
5210
5152
5211
5153
5212
5154
5213
5155
5214
5156
5215
5157
5216
5158
5217
5159
5218
5160
5219
5161
5220
5162
5221
5163
5222
5164
5223
5165
5224
5166
5225
5167
5226
5168
5227
5169
5228
5170
5229
5171
5230
5172
5231
5173
5232
5174
5233
5175
5234
5176
5235
5177
5236
5178
5237
5179
5238
5239
5181
5240
5182
5241
5183
5242
5184
5243
5185
5244
5186
5245
5187
5246
5188
5247
5189
5248
5190
5249
5191
5250
5192
5251
5193
5252
5194
5253
5195
5254
5196
5255
5197
5256
5198
5257
5199
5258
5200
5259
5201
5260
5202
5261
5203
5262
5204
5263
5205
5264
5206
5265
5207
5266
5208
5267
5209
5268
5210
5269
5211
5270
5212
5271
5213
5272
5214
5273
5215
5274
5216
5275
5217
5276
5218
5277
5219
5278
5220
5279
5221
5280
5222
5281
5223
5282
5224
5283
5225
5284
5226
5285
5227
5286
5228
5287
5229
5288
5230
5289
5231
5290
5232
5291
5233
5292
5234
5293
5235
5294
5236
5295
5237
5296
5238
5297
5239
5298
5299
5241
5300
5242
5301
5243
5302
5244
5303
5245
5304
5246
5305
5247
5306
5248
5307
5249
5308
5250
5309
5251
5310
5252
5311
5253
5312
5254
5313
5255
5314
5256
5315
5257
5316
5258
5317
5259
5318
5260
5319
5261
5320
5262
5321
5263
5322
5264
5323
5265
5324
5266
5325
5267
5326
5268
5327
5269
5328
5270
5329
5271
5330
5272
5331
5273
5332
5274
5333
5275
5334
5276
5335
5277
5336
5278
5337
5279
5338
5280
5339
5281
5340
5282
5341
5283
5342
5284
5343
5285
5344
5286
5345
5287
5346
5288
5347
5289
5348
5290
5349
5291
5350
5292
5351
5293
5352
5294
5353
5295
5354
5296
5355
5297
5356
5298
5357
5299
5358
5359
5301
5360
5302
5361
5303
5362
5304
5363
5305
5364
5306
5365
5307
5366
5308
5367
5309
5368
5310
5369
5311
5370
5312
5371
5313
5372
5314
5373
5315
5374
5316
5375
5317
5376
5318
5377
5319
5378
5320
5379
5321
5380
5322
5381
5323
5382
5324
5383
5325
5384
5326
5385
5327
5386
5328
5387
5329
5388
5330
5389
5331
5390
5332
5391
5333
5392
5334
5393
5335
5394
5336
5395
5337
5396
5338
5397
5339
5398
5340
5399
5341
5400
5342
5401
5343
5402
5344
5403
5345
5404
5346
5405
5347
5406
5348
5407
5349
5408
5350
5409
5351
5410
5352
5411
5353
5412
5354
5413
5355
5414
5356
5415
5357
5416
5358
5417
5359
5418
5419
5361
5420
5362
5421
5363
5422
5364
5423
5365
5424
5366
5425
5367
5426
5368
5427
5369
5428
5370
5429
5371
5430
5372
5431
5373
5432
5374
5433
5375
5434
5376
5435
5377
5436
5378
5437
5379
5438
5380
5439
5381
5440
5382
5441
5383
5442
5384
5443
5385
5444
5386
5445
5387
5446
5388
5447
5389
5448
5390
5449
5391
5450
5392
5451
5393
5452
5394
5453
5395
5454
5396
5455
5397
5456
5398
5457
5399
5458
5400
5459
5401
5460
5402
5461
5403
5462
5404
5463
5405
5464
5406
5465
5407
5466
5408
5467
5409
5468
5410
5469
5411
5470
5412
5471
5413
5472
5414
5473
5415
5474
5416
5475
5417
5476
5418
5477
5419
5478
5479
5421
5480
5422
5481
5423
5482
5424
5483
5425
5484
5426
5485
5427
5486
5428
5487
5429
5488
5430
5489
5431
5490
5432
5491
5433
5492
5434
5493
5435
5494
5436
5495
5437
5496
5438
5497
5439
5498
5440
5499
5441
5500
5442
5501
5443
5502
5444
5503
5445
5504
5446
5505
5447
5506
5448
5507
5449
5508
5450
5509
5451
5510
5452
5511
5453
5512
5454
5513
5455
5514
5456
5515
5457
5516
5458
5517
5459
5518
5460
5519
5461
5520
5462
5521
5463
5522
5464
5523
5465
5524
5466
5525
5467
5526
5468
5527
5469
5528
5470
5529
5471
5530
5472
5531
5473
5532
5474
5533
5475
5534
5476
5535
5477
5536
5478
5537
5479
5538
5539
5481
5540
5482
5541
5483
5542
5484
5543
5485
5544
5486
5545
5487
5546
5488
5547
5489
5548
5490
5549
5491
5550
5492
5551
5493
5552
5494
5553
5495
5554
5496
5555
5497
5556
5498
5557
5499
5558
5500
5559
5501
5560
5502
5561
5503
5562
5504
5563
5505
5564
5506
5565
5507
5566
5508
5567
5509
5568
5510
5569
5511
5570
5512
5571
5513
5572
5514
5573
5515
5574
5516
5575
5517
5576
5518
5577
5519
5578
5520
5579
5521
5580
5522
5581
5523
5582
5524
5583
5525
5584
5526
5585
5527
5586
5528
5587
5529
5588
5530
5589
5531
5590
5532
5591
5533
5592
5534
5593
5535
5594
5536
5595
5537
5596
5538
5597
5539
5598
5599
5541
5600
5542
5601
5543
5602
5544
5603
5545
5604
5546
5605
5547
5606
5548
5607
5549
5608
5550
5609
5551
5610
5552
5611
5553
5612
5554
5613
5555
5614
5556
5615
5557
5616
5558
5617
5559
5618
5560
5619
5561
5620
5562
5621
5563
5622
5564
5623
5565
5624
5566
5625
5567
5626
5568
5627
5569
5628
5570
5629
5571
5630
5572
5631
5573
5632
5574
5633
5575
5634
5576
5635
5577
5636
5578
5637
5579
5638
5580
5639
5581
5640
5582
5641
5583
5642
5584
5643
5585
5644
5586
5645
5587
5646
5588
5647
5589
5648
5590
5649
5591
5650
5592
5651
5593
5652
5594
5653
5595
5654
5596
5655
5597
5656
5598
5657
5599
5658
5659
5601
5660
5602
5661
5603
5662
5604
5663
5605
5664
5606
5665
5607
5666
5608
5667
5609
5668
5610
5669
5611
5670
5612
5671
5613
5672
5614
5673
5615
5674
5616
5675
5617
5676
5618
5677
5619
5678
5620
5679
5621
5680
5622
5681
5623
5682
5624
5683
5625
5684
5626
5685
5627
5686
5628
5687
5629
5688
5630
5689
5631
5690
5632
5691
5633
5692
5634
5693
5635
5694
5636
5695
5637
5696
5638
5697
5639
5698
5640
5699
5641
5700
5642
5701
5643
5702
5644
5703
5645
5704
5646
5705
5647
5706
5648
5707
5649
5708
5650
5709
5651
5710
5652
5711
5653
5712
5654
5713
5655
5714
5656
5715
5657
5716
5658
5717
5659
5718
5719
5661
5720
5662
5721
5663
5722
5664
5723
5665
5724
5666
5725
5667
5726
5668
5727
5669
5728
5670
5729
5671
5730
5672
5731
5673
5732
5674
5733
5675
5734
5676
5735
5677
5736
5678
5737
5679
5738
5680
5739
5681
5740
5682
5741
5683
5742
5684
5743
5685
5744
5686
5745
5687
5746
5688
5747
5689
5748
5690
5749
5691
5750
5692
5751
5693
5752
5694
5753
5695
5754
5696
5755
5697
5756
5698
5757
5699
5758
5700
5759
5701
5760
5702
5761
5703
5762
5704
5763
5705
5764
5706
5765
5707
5766
5708
5767
5709
5768
5710
5769
5711
5770
5712
5771
5713
5772
5714
5773
5715
5774
5716
5775
5717
5776
5718
5777
5719
5778
5779
5721
5780
5722
5781
5723
5782
5724
5783
5725
5784
5726
5785
5727
5786
5728
5787
5729
5788
5730
5789
5731
5790
5732
5791
5733
5792
5734
5793
5735
5794
5736
5795
5737
5796
5738
5797
5739
5798
5740
5799
5741
5800
5742
5801
5743
5802
5744
5803
5745
5804
5746
5805
5747
5806
5748
5807
5749
5808
5750
5809
5751
5810
5752
5811
5753
5812
5754
5813
5755
5814
5756
5815
5757
5816
5758
5817
5759
5818
5760
5819
5761
5820
5762
5821
5763
5822
5764
5823
5765
5824
5766
5825
5767
5826
5768
5827
5769
5828
5770
5829
5771
5830
5772
5831
5773
5832
5774
5833
5775
5834
5776
5835
5777
5836
5778
5837
5779
5838
5839
5781
5840
5782
5841
5783
5842
5784
5843
5785
5844
5786
5845
5787
5846
5788
5847
5789
5848
5790
5849
5791
5850
5792
5851
5793
5852
5794
5853
5795
5854
5796
5855
5797
5856
5798
5857
5799
5858
5800
5859
5801
5860
5802
5861
5803
5862
5804
5863
5805
5864
5806
5865
5807
5866
5808
5867
5809
5868
5810
5869
5811
5870
5812
5871
5813
5872
5814
5873
5815
5874
5816
5875
5817
5876
5818
5877
5819
5878
5820
5879
5821
5880
5822
5881
5823
5882
5824
5883
5825
5884
5826
5885
5827
5886
5828
5887
5829
5888
5830
5889
5831
5890
5832
5891
5833
5892
5834
5893
5835
5894
5836
5895
5837
5896
5838
5897
5839
5898
5899
5841
5900
5842
5901
5843
5902
5844
5903
5845
5904
5846
5905
5847
5906
5848
5907
5849
5908
5850
5909
5851
5910
5852
5911
5853
5912
5854
5913
5855
5914
5856
5915
5857
5916
5858
5917
5859
5918
5860
5919
5861
5920
5862
5921
5863
5922
5864
5923
5865
5924
5866
5925
5867
5926
5868
5927
5869
5928
5870
5929
5871
5930
5872
5931
5873
5932
5874
5933
5875
5934
5876
5935
5877
5936
5878
5937
5879
5938
5880
5939
5881
5940
5882
5941
5883
5942
5884
5943
5885
5944
5886
5945
5887
5946
5888
5947
5889
5948
5890
5949
5891
5950
5892
5951
5893
5952
5894
5953
5895
5954
5896
5955
5897
5956
5898
5957
5899
5958
5959
5901
5960
5902
5961
5903
5962
5904
5963
5905
5964
5906
5965
5907
5966
5908
5967
5909
5968
5910
5969
5911
5970
5912
5971
5913
5972
5914
5973
5915
5974
5916
5975
5917
5976
5918
5977
5919
5978
5920
5979
5921
5980
5922
5981
5923
5982
5924
5983
5925
5984
5926
5985
5927
5986
5928
5987
5929
5988
5930
5989
5931
5990
5932
5991
5933
5992
5934
5993
5935
5994
5936
5995
5937
5996
5938
5997
5939
5998
5940
5999
5941
6000
5942
6001
5943
6002
5944
6003
5945
6004
5946
6005
5947
6006
5948
6007
5949
6008
5950
6009
5951
6010
5952
6011
5953
6012
5954
6013
5955
6014
5956
6015
5957
6016
5958
6017
5959
6018
6019
5961
6020
5962
6021
5963
6022
5964
6023
5965
6024
5966
6025
5967
6026
5968
6027
5969
6028
5970
6029
5971
6030
5972
6031
5973
6032
5974
6033
5975
6034
5976
6035
5977
6036
5978
6037
5979
6038
5980
6039
5981
6040
5982
6041
5983
6042
5984
6043
5985
6044
5986
6045
5987
6046
5988
6047
5989
6048
5990
6049
5991
6050
5992
6051
5993
6052
5994
6053
5995
6054
5996
6055
5997
6056
5998
6057
5999
6058
6000
6059
6001
6060
6002
6061
6003
6062
6004
6063
6005
6064
6006
6065
6007
6066
6008
6067
6009
6068
6010
6069
6011
6070
6012
6071
6013
6072
6014
6073
6015
6074
6016
6075
6017
6076
6018
6077
6019
6078
6079
6021
6080
6022
6081
6023
6082
6024
6083
6025
6084
6026
6085
6027
6086
6028
6087
6029
6088
6030
6089
6031
6090
6032
6091
6033
6092
6034
6093
6035
6094
6036
6095
6037
6096
6038
6097
6039
6098
6040
6099
6041
6100
6042
6101
6043
6102
6044
6103
6045
6104
6046
6105
6047
6106
6048
6107
6049
6108
6050
6109
6051
6110
6052
6111
6053
6112
6054
6113
6055
6114
6056
6115
6057
6116
6058
6117
6059
6118
6060
6119
6061
6120
6062
6121
6063
6122
6064
6123
6065
6124
6066
6125
6067
6126
6068
6127
6069
6128
6070
6129
6071
6130
6072
6131
6073
6132
6074
6133
6075
6134
6076
6135
6077
6136
6078
6137
6079
6138
6139
6081
6140
6082
6141
6083
6142
6084
6143
6085
6144
6086
6145
6087
6146
6088
6147
6089
6148
6090
6149
6091
6150
6092
6151
6093
6152
6094
6153
6095
6154
6096
6155
6097
6156
6098
6157
6099
6158
6100
6159
6101
6160
6102
6161
6103
6162
6104
6163
6105
6164
6106
6165
6107
6166
6108
6167
6109
6168
6110
6169
6111
6170
6112
6171
6113
6172
6114
6173
6115
6174
6116
6175
6117
6176
6118
6177
6119
6178
6120
6179
6121
6180
6122
6181
6123
6182
6124
6183
6125
6184
6126
6185
6127
6186
6128
6187
6129
6188
6130
6189
6131
6190
6132
6191
6133
6192
6134
6193
6135
6194
6136
6195
6137
6196
6138
6197
6139
6198
6199
6141
6200
6142
6201
6143
6202
6144
6203
6145
6204
6146
6205
6147
6206
6148
6207
6149
6208
6150
6209
6151
6210
6152
6211
6153
6212
6154
6213
6155
6214
6156
6215
6157
6216
6158
6217
6159
6218
6160
6219
6161
6220
6162
6221
6163
6222
6164
6223
6165
6224
6166
6225
6167
6226
6168
6227
6169
6228
6170
6229
6171
6230
6172
6231
6173
6232
6174
6233
6175
6234
6176
6235
6177
6236
6178
6237
6179
6238
6180
6239
6181
6240
6182
6241
6183
6242
6184
6243
6185
6244
6186
6245
6187
6246
6188
6247
6189
6248
6190
6249
6191
6250
6192
6251
6193
6252
6194
6253
6195
6254
6196
6255
6197
6256
6198
6257
6199
6258
6259
6201
6260
6202
6261
6203
6262
6204
6263
6205
6264
6206
6265
6207
6266
6208
6267
6209
6268
6210
6269
6211
6270
6212
6271
6213
6272
6214
6273
6215
6274
6216
6275
6217
6276
6218
6277
6219
6278
6220
6279
6221
6280
6222
6281
6223
6282
6224
6283
6225
6284
6226
6285
6227
6286
6228
6287
6229
6288
6230
6289
6231
6290
6232
6291
6233
6292
6234
6293
6235
6294
6236
6295
6237
6296
6238
6297
6239
6298
6240
6299
6241
6300
6242
6301
6243
6302
6244
6303
6245
6304
6246
6305
6247
6306
6248
6307
6249
6308
6250
6309
6251
6310
6252
6311
6253
6312
6254
6313
6255
6314
6256
6315
6257
6316
6258
6317
6259
6318
6319
6261
6320
6262
6321
6263
6322
6264
6323
6265
6324
6266
6325
6267
6326
6268
6327
6269
6328
6270
6329
6271
6330
6272
6331
6273
6332
6274
6333
6275
6334
6276
6335
6277
6336
6278
6337
6279
6338
6280
6339
6281
6340
6282
6341
6283
6342
6284
6343
6285
6344
6286
6345
6287
6346
6288
6347
6289
6348
6290
6349
6291
6350
6292
6351
6293
6352
6294
6353
6295
6354
6296
6355
6297
6356
6298
6357
6299
6358
6300
6359
6301
6360
6302
6361
6303
6362
6304
6363
6305
6364
6306
6365
6307
6366
6308
6367
6309
6368
6310
6369
6311
6370
6312
6371
6313
6372
6314
6373
6315
6374
6316
6375
6317
6376
6318
6377
6319
6378
6379
6321
6380
6322
6381
6323
6382
6324
6383
6325
6384
6326
6385
6327
6386
6328
6387
6329
6388
6330
6389
6331
6390
6332
6391
6333
6392
6334
6393
6335
6394
6336
6395
6337
6396
6338
6397
6339
6398
6340
6399
6341
6400
6342
6401
6343
6402
6344
6403
6345
6404
6346
6405
6347
6406
6348
6407
6349
6408
6350
6409
6351
6410
6352
6411
6353
6412
6354
6413
6355
6414
6356
6415
6357
6416
6358
6417
6359
6418
6360
6419
6361
6420
6362
6421
6363
6422
6364
6423
6365
6424
6366
6425
6367
6426
6368
6427
6369
6428
6370
6429
6371
6430
6372
6431
6373
6432
6374
6433
6375
6434
6376
6435
6377
6436
6378
6437
6379
6438
6439
6381
6440
6382
6441
6383
6442
6384
6443
6385
6444
6386
6445
6387
6446
6388
6447
6389
6448
6390
6449
6391
6450
6392
6451
6393
6452
6394
6453
6395
6454
6396
6455
6397
6456
6398
6457
6399
6458
6400
6459
6401
6460
6402
6461
6403
6462
6404
6463
6405
6464
6406
6465
6407
6466
6408
6467
6409
6468
6410
6469
6411
6470
6412
6471
6413
6472
6414
6473
6415
6474
6416
6475
6417
6476
6418
6477
6419
6478
6420
6479
6421
6480
6422
6481
6423
6482
6424
6483
6425
6484
6426
6485
6427
6486
6428
6487
6429
6488
6430
6489
6431
6490
6432
6491
6433
6492
6434
6493
6435
6494
6436
6495
6437
6496
6438
6497
6439
6498
6499
6441
6500
6442
6501
6443
6502
6444
6503
6445
6504
6446
6505
6447
6506
6448
6507
6449
6508
6450
6509
6451
6510
6452
6511
6453
6512
6454
6513
6455
6514
6456
6515
6457
6516
6458
6517
6459
6518
6460
6519
6461
6520
6462
6521
6463
6522
6464
6523
6465
6524
6466
6525
6467
6526
6468
6527
6469
6528
6470
6529
6471
6530
6472
6531
6473
6532
6474
6533
6475
6534
6476
6535
6477
6536
6478
6537
6479
6538
6480
6539
6481
6540
6482
6541
6483
6542
6484
6543
6485
6544
6486
6545
6487
6546
6488
6547
6489
6548
6490
6549
6491
6550
6492
6551
6493
6552
6494
6553
6495
6554
6496
6555
6497
6556
6498
6557
6499
6558
6559
6501
6560
6502
6561
6503
6562
6504
6563
6505
6564
6506
6565
6507
6566
6508
6567
6509
6568
6510
6569
6511
6570
6512
6571
6513
6572
6514
6573
6515
6574
6516
6575
6517
6576
6518
6577
6519
6578
6520
6579
6521
6580
6522
6581
6523
6582
6524
6583
6525
6584
6526
6585
6527
6586
6528
6587
6529
6588
6530
6589
6531
6590
6532
6591
6533
6592
6534
6593
6535
6594
6536
6595
6537
6596
6538
6597
6539
6598
6540
6599
6541
6600
6542
6601
6543
6602
6544
6603
6545
6604
6546
6605
6547
6606
6548
6607
6549
6608
6550
6609
6551
6610
6552
6611
6553
6612
6554
6613
6555
6614
6556
6615
6557
6616
6558
6617
6559
6618
6619
6561
6620
6562
6621
6563
6622
6564
6623
6565
6624
6566
6625
6567
6626
6568
6627
6569
6628
6570
6629
6571
6630
6572
6631
6573
6632
6574
6633
6575
6634
6576
6635
6577
6636
6578
6637
6579
6638
6580
6639
6581
6640
6582
6641
6583
6642
6584
6643
6585
6644
6586
6645
6587
6646
6588
6647
6589
6648
6590
6649
6591
6650
6592
6651
6593
6652
6594
6653
6595
6654
6596
6655
6597
6656
6598
6657
6599
6658
6600
6659
6601
6660
6602
6661
6603
6662
6604
6663
6605
6664
6606
6665
6607
6666
6608
6667
6609
6668
6610
6669
6611
6670
6612
6671
6613
6672
6614
6673
6615
6674
6616
6675
6617
6676
6618
6677
6619
6678
6679
6621
6680
6622
6681
6623
6682
6624
6683
6625
6684
6626
6685
6627
6686
6628
6687
6629
6688
6630
6689
6631
6690
6632
6691
6633
6692
6634
6693
6635
6694
6636
6695
6637
6696
6638
6697
6639
6698
6640
6699
6641
6700
6642
6701
6643
6702
6644
6703
6645
6704
6646
6705
6647
6706
6648
6707
6649
6708
6650
6709
6651
6710
6652
6711
6653
6712
6654
6713
6655
6714
6656
6715
6657
6716
6658
6717
6659
6718
6660
6719
6661
6720
6662
6721
6663
6722
6664
6723
6665
6724
6666
6725
6667
6726
6668
6727
6669
6728
6670
6729
6671
6730
6672
6731
6673
6732
6674
6733
6675
6734
6676
6735
6677
6736
6678
6737
6679
6738
6739
6681
6740
6682
6741
6683
6742
6684
6743
6685
6744
6686
6745
6687
6746
6688
6747
6689
6748
6690
6749
6691
6750
6692
6751
6693
6752
6694
6753
6695
6754
6696
6755
6697
6756
6698
6757
6699
6758
6700
6759
6701
6760
6702
6761
6703
6762
6704
6763
6705
6764
6706
6765
6707
6766
6708
6767
6709
6768
6710
6769
6711
6770
6712
6771
6713
6772
6714
6773
6715
6774
6716
6775
6717
6776
6718
6777
6719
6778
6720
6779
6721
6780
6722
6781
6723
6782
6724
6783
6725
6784
6726
6785
6727
6786
6728
6787
6729
6788
6730
6789
6731
6790
6732
6791
6733
6792
6734
6793
6735
6794
6736
6795
6737
6796
6738
6797
6739
6798
6799
6741
6800
6742
6801
6743
6802
6744
6803
6745
6804
6746
6805
6747
6806
6748
6807
6749
6808
6750
6809
6751
6810
6752
6811
6753
6812
6754
6813
6755
6814
6756
6815
6757
6816
6758
6817
6759
6818
6760
6819
6761
6820
6762
6821
6763
6822
6764
6823
6765
6824
6766
6825
6767
6826
6768
6827
6769
6828
6770
6829
6771
6830
6772
6831
6773
6832
6774
6833
6775
6834
6776
6835
6777
6836
6778
6837
6779
6838
6780
6839
6781
6840
6782
6841
6783
6842
6784
6843
6785
6844
6786
6845
6787
6846
6788
6847
6789
6848
6790
6849
6791
6850
6792
6851
6793
6852
6794
6853
6795
6854
6796
6855
6797
6856
6798
6857
6799
6858
6859
6801
6860
6802
6861
6803
6862
6804
6863
6805
6864
6806
6865
6807
6866
6808
6867
6809
6868
6810
6869
6811
6870
6812
6871
6813
6872
6814
6873
6815
6874
6816
6875
6817
6876
6818
6877
6819
6878
6820
6879
6821
6880
6822
6881
6823
6882
6824
6883
6825
6884
6826
6885
6827
6886
6828
6887
6829
6888
6830
6889
6831
6890
6832
6891
6833
6892
6834
6893
6835
6894
6836
6895
6837
6896
6838
6897
6839
6898
6840
6899
6841
6900
6842
6901
6843
6902
6844
6903
6845
6904
6846
6905
6847
6906
6848
6907
6849
6908
6850
6909
6851
6910
6852
6911
6853
6912
6854
6913
6855
6914
6856
6915
6857
6916
6858
6917
6859
6918
6919
6861
6920
6862
6921
6863
6922
6864
6923
6865
6924
6866
6925
6867
6926
6868
6927
6869
6928
6870
6929
6871
6930
6872
6931
6873
6932
6874
6933
6875
6934
6876
6935
6877
6936
6878
6937
6879
6938
6880
6939
6881
6940
6882
6941
6883
6942
6884
6943
6885
6944
6886
6945
6887
6946
6888
6947
6889
6948
6890
6949
6891
6950
6892
6951
6893
6952
6894
6953
6895
6954
6896
6955
6897
6956
6898
6957
6899
6958
6900
6959
6901
6960
6902
6961
6903
6962
6904
6963
6905
6964
6906
6965
6907
6966
6908
6967
6909
6968
6910
6969
6911
6970
6912
6971
6913
6972
6914
6973
6915
6974
6916
6975
6917
6976
6918
6977
6919
6978
6979
6921
6980
6922
6981
6923
6982
6924
6983
6925
6984
6926
6985
6927
6986
6928
6987
6929
6988
6930
6989
6931
6990
6932
6991
6933
6992
6934
6993
6935
6994
6936
6995
6937
6996
6938
6997
6939
6998
6940
6999
6941
7000
6942
7001
6943
7002
6944
7003
6945
7004
6946
7005
6947
7006
6948
7007
6949
7008
6950
7009
6951
7010
6952
7011
6953
7012
6954
7013
6955
7014
6956
7015
6957
7016
6958
7017
6959
7018
6960
7019
6961
7020
6962
7021
6963
7022
6964
7023
6965
7024
6966
7025
6967
7026
6968
7027
6969
7028
6970
7029
6971
7030
6972
7031
6973
7032
6974
7033
6975
7034
6976
7035
6977
7036
6978
7037
6979
7038
7039
6981
7040
6982
7041
6983
7042
6984
7043
6985
7044
6986
7045
6987
7046
6988
7047
6989
7048
6990
7049
6991
7050
6992
7051
6993
7052
6994
7053
6995
7054
6996
7055
6997
7056
6998
7057
6999
7058
7000
7059
7001
7060
7002
7061
7003
7062
7004
7063
7005
7064
7006
7065
7007
7066
7008
7067
7009
7068
7010
7069
7011
7070
7012
7071
7013
7072
7014
7073
7015
7074
7016
7075
7017
7076
7018
7077
7019
7078
7020
7079
7021
7080
7022
7081
7023
7082
7024
7083
7025
7084
7026
7085
7027
7086
7028
7087
7029
7088
7030
7089
7031
7090
7032
7091
7033
7092
7034
7093
7035
7094
7036
7095
7037
7096
7038
7097
7039
7098
7099
7041
7100
7042
7101
7043
7102
7044
7103
7045
7104
7046
7105
7047
7106
7048
7107
7049
7108
7050
7109
7051
7110
7052
7111
7053
7112
7054
7113
7055
7114
7056
7115
7057
7116
7058
7117
7059
7118
7060
7119
7061
7120
7062
7121
7063
7122
7064
7123
7065
7124
7066
7125
7067
7126
7068
7127
7069
7128
7070
7129
7071
7130
7072
7131
7073
7132
7074
7133
7075
7134
7076
7135
7077
7136
7078
7137
7079
7138
7080
7139
7081
7140
7082
7141
7083
7142
7084
7143
7085
7144
7086
7145
7087
7146
7088
7147
7089
7148
7090
7149
7091
7150
7092
7151
7093
7152
7094
7153
7095
7154
7096
7155
7097
7156
7098
7157
7099
7158
7159
7101
7160
7102
7161
7103
7162
7104
7163
7105
7164
7106
7165
7107
7166
7108
7167
7109
7168
7110
7169
7111
7170
7112
7171
7113
7172
7114
7173
7115
7174
7116
7175
7117
7176
7118
7177
7119
7178
7120
7179
7121
7180
7122
7181
7123
7182
7124
7183
7125
7184
7126
7185
7127
7186
7128
7187
7129
7188
7130
7189
7131
7190
7132
7191
7133
7192
7134
7193
7135
7194
7136
7195
7137
7196
7138
7197
7139
7198
7140
7199
7141
7200
7142
7201
7143
7202
7144
7203
7145
7204
7146
7205
7147
7206
7148
7207
7149
7208
7150
7209
7151
7210
7152
7211
7153
7212
7154
7213
7155
7214
7156
7215
7157
7216
7158
7217
7159
7218
7219
7161
7220
7162
7221
7163
7222
7164
7223
7165
7224
7166
7225
7167
7226
7168
7227
7169
7228
7170
7229
7171
7230
7172
7231
7173
7232
7174
7233
7175
7234
7176
7235
7177
7236
7178
7237
7179
7238
7180
7239
7181
7240
7182
7241
7183
7242
7184
7243
7185
7244
7186
7245
7187
7246
7188
7247
7189
7248
7190
7249
7191
7250
7192
7251
7193
7252
7194
7253
7195
7254
7196
7255
7197
7256
7198
7257
7199
7258
7200
7259
7201
7260
7202
7261
7203
7262
7204
7263
7205
7264
7206
7265
7207
7266
7208
7267
7209
7268
7210
7269
7211
7270
7212
7271
7213
7272
7214
7273
7215
7274
7216
7275
7217
7276
7218
7277
7219
7278
7279
7221
7280
7222
7281
7223
7282
7224
7283
7225
7284
7226
7285
7227
7286
7228
7287
7229
7288
7230
7289
7231
7290
7232
7291
7233
7292
7234
7293
7235
7294
7236
7295
7237
7296
7238
7297
7239
7298
7240
7299
7241
7300
7242
7301
7243
7302
7244
7303
7245
7304
7246
7305
7247
7306
7248
7307
7249
7308
7250
7309
7251
7310
7252
7311
7253
7312
7254
7313
7255
7314
7256
7315
7257
7316
7258
7317
7259
7318
7260
7319
7261
7320
7262
7321
7263
7322
7264
7323
7265
7324
7266
7325
7267
7326
7268
7327
7269
7328
7270
7329
7271
7330
7272
7331
7273
7332
7274
7333
7275
7334
7276
7335
7277
7336
7278
7337
7279
7338
7339
7281
7340
7282
7341
7283
7342
7284
7343
7285
7344
7286
7345
7287
7346
7288
7347
7289
7348
7290
7349
7291
7350
7292
7351
7293
7352
7294
7353
7295
7354
7296
7355
7297
7356
7298
7357
7299
7358
7300
7359
7301
7360
7302
7361
7303
7362
7304
7363
7305
7364
7306
7365
7307
7366
7308
7367
7309
7368
7310
7369
7311
7370
7312
7371
7313
7372
7314
7373
7315
7374
7316
7375
7317
7376
7318
7377
7319
7378
7320
7379
7321
7380
7322
7381
7323
7382
7324
7383
7325
7384
7326
7385
7327
7386
7328
7387
7329
7388
7330
7389
7331
7390
7332
7391
7333
7392
7334
7393
7335
7394
7336
7395
7337
7396
7338
7397
7339
7398
7399
7341
7400
7342
7401
7343
7402
7344
7403
7345
7404
7346
7405
7347
7406
7348
7407
7349
7408
7350
7409
7351
7410
7352
7411
7353
7412
7354
7413
7355
7414
7356
7415
7357
7416
7358
7417
7359
7418
7360
7419
7361
7420
7362
7421
7363
7422
7364
7423
7365
7424
7366
7425
7367
7426
7368
7427
7369
7428
7370
7429
7371
7430
7372
7431
7373
7432
7374
7433
7375
7434
7376
7435
7377
7436
7378
7437
7379
7438
7380
7439
7381
7440
7382
7441
7383
7442
7384
7443
7385
7444
7386
7445
7387
7446
7388
7447
7389
7448
7390
7449
7391
7450
7392
7451
7393
7452
7394
7453
7395
7454
7396
7455
7397
7456
7398
7457
7399
7458
7459
7401
7460
7402
7461
7403
7462
7404
7463
7405
7464
7406
7465
7407
7466
7408
7467
7409
7468
7410
7469
7411
7470
7412
7471
7413
7472
7414
7473
7415
7474
7416
7475
7417
7476
7418
7477
7419
7478
7420
7479
7421
7480
7422
7481
7423
7482
7424
7483
7425
7484
7426
7485
7427
7486
7428
7487
7429
7488
7430
7489
7431
7490
7432
7491
7433
7492
7434
7493
7435
7494
7436
7495
7437
7496
7438
7497
7439
7498
7440
7499
7441
7500
7442
7501
7443
7502
7444
7503
7445
7504
7446
7505
7447
7506
7448
7507
7449
7508
7450
7509
7451
7510
7452
7511
7453
7512
7454
7513
7455
7514
7456
7515
7457
7516
7458
7517
7459
7518
7519
7461
7520
7462
7521
7463
7522
7464
7523
7465
7524
7466
7525
7467
7526
7468
7527
7469
7528
7470
7529
7471
7530
7472
7531
7473
7532
7474
7533
7475
7534
7476
7535
7477
7536
7478
7537
7479
7538
7480
7539
7481
7540
7482
7541
7483
7542
7484
7543
7485
7544
7486
7545
7487
7546
7488
7547
7489
7548
7490
7549
7491
7550
7492
7551
7493
7552
7494
7553
7495
7554
7496
7555
7497
7556
7498
7557
7499
7558
7500
7559
7501
7560
7502
7561
7503
7562
7504
7563
7505
7564
7506
7565
7507
7566
7508
7567
7509
7568
7510
7569
7511
7570
7512
7571
7513
7572
7514
7573
7515
7574
7516
7575
7517
7576
7518
7577
7519
7578
7579
7521
7580
7522
7581
7523
7582
7524
7583
7525
7584
7526
7585
7527
7586
7528
7587
7529
7588
7530
7589
7531
7590
7532
7591
7533
7592
7534
7593
7535
7594
7536
7595
7537
7596
7538
7597
7539
7598
7540
7599
7541
7600
7542
7601
7543
7602
7544
7603
7545
7604
7546
7605
7547
7606
7548
7607
7549
7608
7550
7609
7551
7610
7552
7611
7553
7612
7554
7613
7555
7614
7556
7615
7557
7616
7558
7617
7559
7618
7560
7619
7561
7620
7562
7621
7563
7622
7564
7623
7565
7624
7566
7625
7567
7626
7568
7627
7569
7628
7570
7629
7571
7630
7572
7631
7573
7632
7574
7633
7575
7634
7576
7635
7577
7636
7578
7637
7579
7638
7639
7581
7640
7582
7641
7583
7642
7584
7643
7585
7644
7586
7645
7587
7646
7588
7647
7589
7648
7590
7649
7591
7650
7592
7651
7593
7652
7594
7653
7595
7654
7596
7655
7597
7656
7598
7657
7599
7658
7600
7659
7601
7660
7602
7661
7603
7662
7604
7663
7605
7664
7606
7665
7607
7666
7608
7667
7609
7668
7610
7669
7611
7670
7612
7671
7613
7672
7614
7673
7615
7674
7616
7675
7617
7676
7618
7677
7619
7678
7620
7679
7621
7680
7622
7681
7623
7682
7624
7683
7625
7684
7626
7685
7627
7686
7628
7687
7629
7688
7630
7689
7631
7690
7632
7691
7633
7692
7634
7693
7635
7694
7636
7695
7637
7696
7638
7697
7639
7698
7699
7641
7700
7642
7701
7643
7702
7644
7703
7645
7704
7646
7705
7647
7706
7648
7707
7649
7708
7650
7709
7651
7710
7652
7711
7653
7712
7654
7713
7655
7714
7656
7715
7657
7716
7658
7717
7659
7718
7660
7719
7661
7720
7662
7721
7663
7722
7664
7723
7665
7724
7666
7725
7667
7726
7668
7727
7669
7728
7670
7729
7671
7730
7672
7731
7673
7732
7674
7733
7675
7734
7676
7735
7677
7736
7678
7737
7679
7738
7680
7739
7681
7740
7682
7741
7683
7742
7684
7743
7685
7744
7686
7745
7687
7746
7688
7747
7689
7748
7690
7749
7691
7750
7692
7751
7693
7752
7694
7753
7695
7754
7696
7755
7697
7756
7698
7757
7699
7758
7759
7701
7760
7702
7761
7703
7762
7704
7763
7705
7764
7706
7765
7707
7766
7708
7767
7709
7768
7710
7769
7711
7770
7712
7771
7713
7772
7714
7773
7715
7774
7716
7775
7717
7776
7718
7777
7719
7778
7720
7779
7721
7780
7722
7781
7723
7782
7724
7783
7725
7784
7726
7785
7727
7786
7728
7787
7729
7788
7730
7789
7731
7790
7732
7791
7733
7792
7734
7793
7735
7794
7736
7795
7737
7796
7738
7797
7739
7798
7740
7799
7741
7800
7742
7801
7743
7802
7744
7803
7745
7804
7746
7805
7747
7806
7748
7807
7749
7808
7750
7809
7751
7810
7752
7811
7753
7812
7754
7813
7755
7814
7756
7815
7757
7816
7758
7817
7759
7818
7819
7761
7820
7762
7821
7763
7822
7764
7823
7765
7824
7766
7825
7767
7826
7768
7827
7769
7828
7770
7829
7771
7830
7772
7831
7773
7832
7774
7833
7775
7834
7776
7835
7777
7836
7778
7837
7779
7838
7780
7839
7781
7840
7782
7841
7783
7842
7784
7843
7785
7844
7786
7845
7787
7846
7788
7847
7789
7848
7790
7849
7791
7850
7792
7851
7793
7852
7794
7853
7795
7854
7796
7855
7797
7856
7798
7857
7799
7858
7800
7859
7801
7860
7802
7861
7803
7862
7804
7863
7805
7864
7806
7865
7807
7866
7808
7867
7809
7868
7810
7869
7811
7870
7812
7871
7813
7872
7814
7873
7815
7874
7816
7875
7817
7876
7818
7877
7819
7878
7879
7821
7880
7822
7881
7823
7882
7824
7883
7825
7884
7826
7885
7827
7886
7828
7887
7829
7888
7830
7889
7831
7890
7832
7891
7833
7892
7834
7893
7835
7894
7836
7895
7837
7896
7838
7897
7839
7898
7840
7899
7841
7900
7842
7901
7843
7902
7844
7903
7845
7904
7846
7905
7847
7906
7848
7907
7849
7908
7850
7909
7851
7910
7852
7911
7853
7912
7854
7913
7855
7914
7856
7915
7857
7916
7858
7917
7859
7918
7860
7919
7861
7920
7862
7921
7863
7922
7864
7923
7865
7924
7866
7925
7867
7926
7868
7927
7869
7928
7870
7929
7871
7930
7872
7931
7873
7932
7874
7933
7875
7934
7876
7935
7877
7936
7878
7937
7879
7938
7939
7881
7940
7882
7941
7883
7942
7884
7943
7885
7944
7886
7945
7887
7946
7888
7947
7889
7948
7890
7949
7891
7950
7892
7951
7893
7952
7894
7953
7895
7954
7896
7955
7897
7956
7898
7957
7899
7958
7900
7959
7901
7960
7902
7961
7903
7962
7904
7963
7905
7964
7906
7965
7907
7966
7908
7967
7909
7968
7910
7969
7911
7970
7912
7971
7913
7972
7914
7973
7915
7974
7916
7975
7917
7976
7918
7977
7919
7978
7920
7979
7921
7980
7922
7981
7923
7982
7924
7983
7925
7984
7926
7985
7927
7986
7928
7987
7929
7988
7930
7989
7931
7990
7932
7991
7933
7992
7934
7993
7935
7994
7936
7995
7937
7996
7938
7997
7939
7998
7999
7941
7942
7943
7944
7945
7946
7947
7948
7949
7950
7951
7952
7953
7954
7955
7956
7957
7958
7959
7960
7961
7962
7963
7964
7965
7966
7967
7968
7969
7970
7971
7972
7973
7974
7975
7976
7977
7978
7979
7980
7981
7982
7983
7984
7985
7986
7987
7988
7989
7990
7991
7992
7993
7994
7995
7996
7997
7998
7999
)


// ************************************************************************* //
