/*--------------------------------*- C++ -*----------------------------------*\
| =========                 |                                                 |
| \\      /  F ield         | OpenFOAM: The Open Source CFD Toolbox           |
|  \\    /   O peration     | Version:  v2012                                 |
|   \\  /    A nd           | Website:  www.openfoam.com                      |
|    \\/     M anipulation  |                                                 |
\*---------------------------------------------------------------------------*/
FoamFile
{
    version     2.0;
    format      ascii;
    class       volScalarField;
    location    "0.3";
    object      p;
}
// * * * * * * * * * * * * * * * * * * * * * * * * * * * * * * * * * * * * * //

dimensions      [0 2 -2 0 0 0 0];


internalField   nonuniform List<scalar> 
8000
(
4.12939e-11
-0.00139738
-0.0010187
-0.00110659
-0.000771559
-0.000671366
-0.00113375
-0.00183014
-0.00135206
-0.000353077
-0.000929868
-0.000570631
-0.000167614
5.51104e-05
0.000131586
0.000690406
0.00156603
0.00257243
0.00358767
0.00613607
1.54501e-07
-0.0013985
-0.00101834
-0.00111113
-0.000765356
-0.000688232
-0.00113096
-0.00182042
-0.0013513
-0.000356298
-0.000929154
-0.000578727
-0.000166865
4.49177e-05
0.000137052
0.000660189
0.0015778
0.00254675
0.00358811
0.00585155
-6.86476e-07
-0.0014001
-0.00101889
-0.00111638
-0.000761702
-0.000708109
-0.00112255
-0.00180897
-0.0013524
-0.000361322
-0.000928088
-0.000589428
-0.000165467
3.18825e-05
0.000141252
0.000631627
0.00159216
0.00251709
0.00356528
0.00554503
-2.85159e-06
-0.00140213
-0.00102014
-0.00112288
-0.000761066
-0.000729172
-0.00111344
-0.00179722
-0.0013539
-0.000368295
-0.000926138
-0.000601359
-0.00016376
1.55266e-05
0.000145198
0.000603404
0.00160678
0.00248286
0.0035175
0.00526542
-6.11876e-06
-0.00140462
-0.00102165
-0.00113072
-0.000761231
-0.000751559
-0.00110446
-0.00178379
-0.00135555
-0.000377256
-0.0009238
-0.000615001
-0.000161691
-3.33495e-06
0.000151678
0.000571548
0.00161974
0.00244304
0.00345178
0.00501271
-1.01404e-05
-0.00140745
-0.00102312
-0.00113946
-0.000761683
-0.000774787
-0.00109507
-0.0017688
-0.00135746
-0.000387374
-0.000921438
-0.000630179
-0.000158788
-2.34066e-05
0.000158651
0.000539431
0.00162988
0.00239758
0.00337151
0.00477423
-1.46063e-05
-0.00141053
-0.00102444
-0.00114889
-0.000762378
-0.000798178
-0.0010853
-0.00175277
-0.00135951
-0.000398156
-0.000919047
-0.000646673
-0.000154892
-4.49749e-05
0.000165319
0.000508698
0.0016335
0.00234929
0.0032773
0.00454314
-1.93143e-05
-0.00141379
-0.00102571
-0.00115889
-0.000763241
-0.000821482
-0.00107537
-0.00173601
-0.00136155
-0.000409351
-0.000916719
-0.000664309
-0.000150444
-6.78026e-05
0.000171392
0.000479162
0.00162906
0.00229983
0.00316901
0.00431706
-2.41756e-05
-0.00141723
-0.00102703
-0.00116937
-0.000764294
-0.000844621
-0.00106543
-0.00171871
-0.00136361
-0.000420833
-0.000914489
-0.00068285
-0.00014598
-9.11296e-05
0.000175869
0.00045105
0.00161638
0.00224904
0.00304767
0.00409534
-2.91721e-05
-0.00142082
-0.0010285
-0.00118026
-0.000765581
-0.000867514
-0.0010556
-0.001701
-0.0013658
-0.000432444
-0.000912387
-0.000702101
-0.000141962
-0.000114278
0.000177772
0.000424873
0.0015951
0.00219627
0.00291539
0.00387722
-3.43129e-05
-0.00142458
-0.00103018
-0.00119145
-0.000767119
-0.000890094
-0.00104607
-0.00168292
-0.00136822
-0.000444004
-0.000910575
-0.000721799
-0.000138798
-0.000136755
0.00017638
0.000400918
0.00156494
0.00214096
0.00277445
0.00366144
-3.96131e-05
-0.00142846
-0.00103208
-0.00120287
-0.000768927
-0.000912305
-0.001037
-0.0016645
-0.00137098
-0.000455353
-0.000909255
-0.000741565
-0.000136993
-0.000158183
0.000171215
0.000379016
0.00152601
0.00208255
0.00262697
0.00344688
-4.50889e-05
-0.00143245
-0.00103425
-0.00121443
-0.000771042
-0.000934077
-0.00102857
-0.00164566
-0.00137424
-0.000466345
-0.000908585
-0.00076113
-0.000137032
-0.000178192
0.000161825
0.000358525
0.001479
0.00202044
0.00247476
0.00323284
-5.0759e-05
-0.0014365
-0.0010367
-0.00122606
-0.000773514
-0.000955335
-0.00102097
-0.00162632
-0.00137816
-0.000476828
-0.000908719
-0.000780363
-0.000139205
-0.00019659
0.00014792
0.000338939
0.0014248
0.00195389
0.00231926
0.00301911
-5.66468e-05
-0.0014406
-0.00103948
-0.00123768
-0.000776417
-0.000975987
-0.00101437
-0.00160636
-0.00138289
-0.00048666
-0.000909825
-0.00079914
-0.000143666
-0.000213483
0.000129593
0.000319544
0.00136424
0.00188226
0.00216172
0.00280584
-6.27818e-05
-0.00144469
-0.0010426
-0.00124922
-0.000779843
-0.000995921
-0.00100896
-0.00158568
-0.00138858
-0.000495747
-0.000912004
-0.000817382
-0.000150519
-0.000229126
0.000107223
0.000299388
0.00129813
0.00180524
0.00200324
0.00259328
-6.91993e-05
-0.00144872
-0.00104613
-0.00126062
-0.000783894
-0.00101502
-0.0010049
-0.00156415
-0.00139538
-0.000504033
-0.000915252
-0.000835156
-0.000159746
-0.00024394
8.14088e-05
0.000277521
0.00122704
0.00172285
0.00184467
0.00238162
-7.59406e-05
-0.00145266
-0.0010501
-0.00127181
-0.000788684
-0.00103316
-0.00100237
-0.00154167
-0.00140337
-0.000511513
-0.000919493
-0.000852695
-0.000171072
-0.000258609
5.27544e-05
0.000253271
0.00115129
0.00163554
0.00168687
0.00217103
-8.30532e-05
-0.00145642
-0.00105458
-0.00128271
-0.000794339
-0.00105021
-0.00100152
-0.00151817
-0.00141261
-0.000518272
-0.000924564
-0.000870358
-0.000184011
-0.000273932
2.16619e-05
0.000226266
0.0010711
0.00154393
0.00153067
0.0019616
-9.05909e-05
-0.00145995
-0.00105963
-0.00129325
-0.000800985
-0.00106605
-0.00100249
-0.00149353
-0.00142309
-0.000524478
-0.000930166
-0.000888655
-0.000197953
-0.000290616
-1.17258e-05
0.000196537
0.000986518
0.00144839
0.00137694
0.00175367
-9.86142e-05
-0.00146316
-0.0010653
-0.00130336
-0.000808755
-0.00108056
-0.0010054
-0.00146786
-0.00143476
-0.000530362
-0.00093586
-0.00090829
-0.000212222
-0.000309133
-4.75902e-05
0.000164533
0.000897477
0.00134884
0.00122654
0.00154785
-0.00010719
-0.00146596
-0.00107168
-0.00131297
-0.000817778
-0.00109363
-0.00101033
-0.00144123
-0.00144747
-0.000536309
-0.000941038
-0.000930048
-0.000226307
-0.000329556
-8.64723e-05
0.00013087
0.000804083
0.0012449
0.00108025
0.00134496
-0.00011639
-0.00146825
-0.00107884
-0.001322
-0.000828171
-0.00110521
-0.00101736
-0.00141367
-0.00146096
-0.000542893
-0.00094495
-0.000954639
-0.000240126
-0.000351635
-0.000129174
9.61385e-05
0.000706963
0.00113602
0.000938497
0.00114583
-0.000126295
-0.00146994
-0.00108685
-0.0013304
-0.000840044
-0.00111523
-0.0010265
-0.00138534
-0.00147485
-0.000550803
-0.000946838
-0.000982527
-0.000254011
-0.000374772
-0.000176576
6.06943e-05
0.000607205
0.00102159
0.000801296
0.000951457
-0.000136993
-0.00147089
-0.00109578
-0.00133811
-0.000853488
-0.00112368
-0.00103769
-0.00135649
-0.00148869
-0.000560798
-0.000946043
-0.00101379
-0.000268656
-0.00039805
-0.000229453
2.43947e-05
0.000506198
0.000901091
0.000668325
0.000762917
-0.000148579
-0.001471
-0.0011057
-0.00134511
-0.000868569
-0.00113061
-0.0010508
-0.00132747
-0.00150189
-0.00057362
-0.000942199
-0.00104826
-0.000285026
-0.000420453
-0.000288361
-1.34219e-05
0.000405633
0.000774327
0.000538766
0.000581189
-0.000161145
-0.00147013
-0.00111667
-0.00135139
-0.000885322
-0.00113608
-0.00106562
-0.00129873
-0.00151379
-0.000589904
-0.000935292
-0.00108541
-0.000304242
-0.000441089
-0.000353505
-5.38488e-05
0.000307352
0.000641594
0.000411293
0.000406959
-0.000174796
-0.00146818
-0.00112873
-0.00135695
-0.000903739
-0.00114025
-0.0010819
-0.00127079
-0.00152368
-0.00061008
-0.000925552
-0.00112442
-0.000327523
-0.00045922
-0.000424565
-9.84077e-05
0.000213041
0.000503802
0.000284291
0.000240556
-0.000189639
-0.00146501
-0.00114189
-0.00136186
-0.000923767
-0.00114329
-0.00109931
-0.00124423
-0.00153105
-0.000634344
-0.000913472
-0.00116433
-0.000356048
-0.000474353
-0.000500676
-0.000148804
0.000124103
0.000362491
0.000155933
8.17615e-05
-0.000205785
-0.00146051
-0.00115616
-0.00136618
-0.000945306
-0.00114544
-0.0011174
-0.00121965
-0.00153558
-0.000662666
-0.000899792
-0.00120419
-0.000390821
-0.000486354
-0.000580595
-0.000206786
4.14672e-05
0.000219843
2.45182e-05
-7.02268e-05
-0.00022334
-0.00145458
-0.00117151
-0.00137005
-0.000968178
-0.00114706
-0.00113564
-0.00119747
-0.00153714
-0.000694805
-0.0008854
-0.00124313
-0.000432635
-0.000495451
-0.000662739
-0.000274096
-3.47507e-05
7.86043e-05
-0.000111119
-0.000216715
-0.000242407
-0.00144715
-0.00118786
-0.00137361
-0.000992147
-0.00114856
-0.00115349
-0.00117798
-0.00153589
-0.00073026
-0.000871069
-0.0012804
-0.00048209
-0.00050227
-0.000745097
-0.000352147
-0.000105505
-5.82227e-05
-0.000251334
-0.000359386
-0.000263082
-0.00143816
-0.0012051
-0.00137709
-0.00101691
-0.00114972
-0.0011706
-0.00116142
-0.00153223
-0.000768404
-0.000857404
-0.00131532
-0.000539592
-0.000507913
-0.000825317
-0.000441705
-0.000172866
-0.000187793
-0.000395443
-0.000499993
-0.000285446
-0.00142758
-0.00122309
-0.00138072
-0.00104216
-0.00115247
-0.00118675
-0.00114776
-0.00152658
-0.000808829
-0.000845007
-0.00134723
-0.000605383
-0.000513884
-0.000900858
-0.000542677
-0.000239736
-0.000307875
-0.000541809
-0.000640032
-0.000309571
-0.00141543
-0.0012416
-0.00138483
-0.00106752
-0.00115632
-0.00120179
-0.00113687
-0.00151936
-0.000851294
-0.000834467
-0.00137555
-0.000679431
-0.000521959
-0.000969264
-0.000653888
-0.000309388
-0.000417157
-0.000688114
-0.000780655
-0.000335514
-0.00140178
-0.00126036
-0.00138974
-0.00109266
-0.00116144
-0.00121584
-0.00112851
-0.00151087
-0.000895608
-0.000826457
-0.00139963
-0.000761213
-0.000534278
-0.0010287
-0.000773281
-0.000384906
-0.000515171
-0.000831558
-0.000922705
-0.000363297
-0.00138677
-0.00127904
-0.00139581
-0.0011173
-0.00116795
-0.00122924
-0.00112235
-0.00150112
-0.000941651
-0.000821828
-0.00141882
-0.000849745
-0.000553224
-0.00107813
-0.000898215
-0.0004689
-0.000602183
-0.00096894
-0.00106657
-0.00039293
-0.00137056
-0.00129725
-0.00140336
-0.00114127
-0.00117576
-0.00124245
-0.00111829
-0.00149005
-0.000989238
-0.000821488
-0.00143259
-0.000943751
-0.00058118
-0.00111731
-0.0010254
-0.00056352
-0.000679456
-0.00109671
-0.00121181
-0.000424398
-0.00135343
-0.00131454
-0.00141261
-0.00116456
-0.00118466
-0.00125592
-0.00111634
-0.00147751
-0.00103809
-0.000826454
-0.00144066
-0.00104146
-0.000620374
-0.00114704
-0.00115099
-0.000670193
-0.000749561
-0.00121145
-0.00135682
-0.000457671
-0.00133574
-0.00133038
-0.00142364
-0.00118732
-0.00119438
-0.00126996
-0.00111654
-0.00146349
-0.00108783
-0.000837951
-0.0014434
-0.00114036
-0.000672368
-0.00116931
-0.00127091
-0.000789053
-0.000816268
-0.0013106
-0.00149902
-0.000492698
-0.00131751
-0.00134422
-0.00143645
-0.00120996
-0.00120452
-0.00128467
-0.0011193
-0.00144789
-0.00113765
-0.000857107
-0.00144198
-0.00123753
-0.000737444
-0.00118702
-0.00138165
-0.000918746
-0.000883988
-0.0013931
-0.00163514
-0.000529361
-0.00129991
-0.00135557
-0.00145102
-0.00123305
-0.00121473
-0.00129994
-0.00112525
-0.0014311
-0.00118629
-0.000884499
-0.00143802
-0.00133047
-0.000814749
-0.00120354
-0.00148088
-0.00105665
-0.000957047
-0.00145967
-0.00176146
-0.000567478
-0.00128324
-0.00136414
-0.0014668
-0.00125717
-0.00122495
-0.00131554
-0.00113478
-0.00141366
-0.00123238
-0.000920024
-0.00143356
-0.00141765
-0.000902644
-0.00122175
-0.00156742
-0.00119929
-0.00103915
-0.00151302
-0.00187466
-0.000606848
-0.00126793
-0.00136977
-0.00148322
-0.00128289
-0.00123537
-0.00133092
-0.00114807
-0.00139636
-0.00127476
-0.000963118
-0.0014309
-0.00149836
-0.00099892
-0.00124374
-0.00164092
-0.00134273
-0.00113289
-0.00155765
-0.00197258
-0.000647243
-0.00125438
-0.00137251
-0.00149971
-0.00131062
-0.00124625
-0.00134547
-0.0011652
-0.00138036
-0.00131262
-0.00101276
-0.00143219
-0.00157249
-0.0011013
-0.0012713
-0.00170192
-0.00148295
-0.00123925
-0.0015988
-0.00205437
-0.000688397
-0.001243
-0.0013726
-0.00151549
-0.00134052
-0.0012582
-0.00135867
-0.00118585
-0.00136709
-0.00134576
-0.00106726
-0.00143899
-0.00164045
-0.0012077
-0.00130562
-0.00175151
-0.00161605
-0.00135801
-0.00164201
-0.0021206
-0.000730023
-0.00123412
-0.00137051
-0.00152977
-0.00137253
-0.00127205
-0.00137026
-0.00120946
-0.0013578
-0.00137457
-0.00112454
-0.00145191
-0.00170341
-0.00131657
-0.00134729
-0.00179101
-0.00173827
-0.00148786
-0.00169305
-0.00217342
-0.000771811
-0.00122801
-0.00136688
-0.00154183
-0.00140638
-0.00128864
-0.00138035
-0.00123518
-0.00135327
-0.0013997
-0.00118284
-0.00147091
-0.00176264
-0.00142669
-0.00139672
-0.0018224
-0.0018462
-0.0016256
-0.00175738
-0.00221661
-0.000813455
-0.00122489
-0.00136245
-0.00155114
-0.00144147
-0.00130887
-0.00138941
-0.00126177
-0.00135375
-0.00142235
-0.00124113
-0.00149526
-0.00181888
-0.00153722
-0.00145428
-0.00184869
-0.00193719
-0.00176569
-0.0018392
-0.00225553
-0.000854673
-0.00122486
-0.00135803
-0.00155742
-0.00147688
-0.00133335
-0.00139812
-0.00128808
-0.00135911
-0.00144404
-0.00129879
-0.00152388
-0.00187252
-0.00164764
-0.00151994
-0.0018734
-0.00200999
-0.00190068
-0.00194003
-0.00229693
-0.000895248
-0.00122795
-0.0013544
-0.00156053
-0.00151159
-0.00136241
-0.00140759
-0.00131334
-0.00136897
-0.00146607
-0.00135564
-0.00155588
-0.0019237
-0.00175725
-0.00159345
-0.00189975
-0.0020661
-0.00202347
-0.00205698
-0.00234706
-0.000935042
-0.00123406
-0.0013522
-0.00156062
-0.00154448
-0.00139598
-0.00141937
-0.00133721
-0.00138228
-0.00148924
-0.001412
-0.00159083
-0.0019718
-0.00186479
-0.00167437
-0.00193071
-0.00210983
-0.00212827
-0.00218271
-0.00240983
-0.000973948
-0.00124299
-0.00135201
-0.0015582
-0.00157448
-0.00143366
-0.00143503
-0.00135998
-0.0013976
-0.00151349
-0.00146869
-0.0016288
-0.00201625
-0.00196902
-0.00176152
-0.00196857
-0.00214683
-0.00221199
-0.00230773
-0.00248567
-0.00101191
-0.00125445
-0.00135429
-0.001554
-0.00160076
-0.00147464
-0.00145576
-0.00138227
-0.00141379
-0.00153846
-0.00152626
-0.00167015
-0.00205708
-0.00206854
-0.00185292
-0.00201452
-0.00218264
-0.00227564
-0.00242337
-0.00257154
-0.00104893
-0.0012681
-0.0013594
-0.00154894
-0.00162273
-0.00151764
-0.00148238
-0.00140521
-0.00143013
-0.00156338
-0.00158459
-0.00171572
-0.00209508
-0.00216147
-0.00194607
-0.00206833
-0.0022222
-0.0023232
-0.00252321
-0.00266286
-0.00108503
-0.00128352
-0.00136754
-0.00154409
-0.00164008
-0.00156105
-0.00151533
-0.00143049
-0.0014464
-0.00158702
-0.00164284
-0.00176663
-0.00213192
-0.00224658
-0.00203807
-0.00212804
-0.0022699
-0.00235997
-0.00260302
-0.00275473
-0.0011203
-0.00130032
-0.00137873
-0.00154056
-0.00165286
-0.00160314
-0.0015544
-0.00146001
-0.00146298
-0.00160816
-0.00169994
-0.00182327
-0.00216933
-0.00232467
-0.00212598
-0.00218898
-0.00232867
-0.00239278
-0.00266089
-0.00284214
-0.00115483
-0.00131817
-0.00139286
-0.0015393
-0.00166143
-0.00164236
-0.00159891
-0.00149551
-0.00148079
-0.00162594
-0.00175445
-0.00188521
-0.00220897
-0.00239772
-0.00220881
-0.0022454
-0.00239714
-0.00243028
-0.0026987
-0.00292008
-0.00118875
-0.0013368
-0.00140966
-0.00154108
-0.00166659
-0.00167755
-0.00164764
-0.00153814
-0.00150126
-0.00164016
-0.00180433
-0.0019515
-0.00225263
-0.00246699
-0.00228848
-0.00229253
-0.00246821
-0.00248025
-0.0027224
-0.00298457
-0.0012222
-0.00135601
-0.00142871
-0.00154648
-0.00166947
-0.00170782
-0.00169882
-0.00158845
-0.00152636
-0.00165152
-0.00184724
-0.0020202
-0.00230218
-0.00253348
-0.00236803
-0.00232901
-0.00253202
-0.00254559
-0.00274157
-0.00303462
-0.0012553
-0.00137568
-0.00144945
-0.0015559
-0.00167148
-0.00173269
-0.00175029
-0.00164626
-0.00155824
-0.00166134
-0.00188147
-0.0020885
-0.0023588
-0.00259841
-0.00244937
-0.00235839
-0.00257947
-0.00262157
-0.00276727
-0.00307358
-0.00128818
-0.00139576
-0.00147127
-0.00156951
-0.00167414
-0.00175219
-0.00179975
-0.00171061
-0.00159901
-0.00167147
-0.0019064
-0.00215277
-0.00242227
-0.0026638
-0.00253295
-0.00238687
-0.00260531
-0.00269768
-0.00280698
-0.00310822
-0.00132094
-0.00141628
-0.00149359
-0.0015872
-0.00167898
-0.00176679
-0.00184517
-0.00177997
-0.00165017
-0.00168443
-0.00192249
-0.00220901
-0.0024906
-0.00273228
-0.00261861
-0.00241965
-0.00261107
-0.00276346
-0.00286005
-0.0031452
-0.00135365
-0.00143732
-0.00151587
-0.00160861
-0.00168727
-0.0017774
-0.00188506
-0.00185214
-0.0017123
-0.00170311
-0.00193137
-0.00225391
-0.00256026
-0.00280603
-0.00270689
-0.00246018
-0.00260356
-0.00281118
-0.00291937
-0.00318708
-0.00138637
-0.00145902
-0.00153778
-0.00163317
-0.00169995
-0.00178543
-0.00191854
-0.00192441
-0.00178502
-0.00173045
-0.0019354
-0.00228569
-0.00262632
-0.00288553
-0.00279951
-0.00251035
-0.00259015
-0.00283827
-0.00297746
-0.0032323
-0.00141906
-0.00148156
-0.00155915
-0.00166007
-0.00171765
-0.00179262
-0.00194532
-0.00199382
-0.00186685
-0.00176918
-0.00193751
-0.0023045
-0.00268313
-0.00296827
-0.00289942
-0.00257179
-0.00257667
-0.00284639
-0.00302799
-0.00327699
-0.00145169
-0.00150511
-0.00158002
-0.00168833
-0.00174065
-0.00180083
-0.00196579
-0.00205758
-0.00195548
-0.00182152
-0.00194111
-0.00231198
-0.00272634
-0.00304906
-0.00300875
-0.0026478
-0.00256748
-0.00283798
-0.00306715
-0.00331743
-0.00148418
-0.00152984
-0.00160056
-0.00171697
-0.00176882
-0.00181188
-0.00198084
-0.00211352
-0.00204771
-0.00188867
-0.0019499
-0.00231018
-0.00275463
-0.00312128
-0.00312526
-0.00274343
-0.0025678
-0.00281401
-0.00309205
-0.00335224
-0.00151647
-0.00155589
-0.00162105
-0.00174507
-0.00180162
-0.00182726
-0.00199185
-0.00216052
-0.00213957
-0.00197034
-0.00196793
-0.00230135
-0.00276895
-0.00317921
-0.00324166
-0.00286189
-0.00258665
-0.00277648
-0.00309724
-0.00338081
-0.00154845
-0.0015833
-0.00164193
-0.00177192
-0.00183824
-0.00184811
-0.00200067
-0.00219846
-0.00222686
-0.00206434
-0.0019995
-0.00228831
-0.0027705
-0.00322094
-0.0033496
-0.00299923
-0.00263506
-0.00273392
-0.00307631
-0.00339898
-0.00158008
-0.00161204
-0.00166368
-0.00179711
-0.00187752
-0.0018751
-0.00200932
-0.00222807
-0.00230589
-0.00216689
-0.00204847
-0.00227507
-0.00275961
-0.0032477
-0.00344189
-0.0031443
-0.00271931
-0.00270233
-0.00302992
-0.0033985
-0.0016113
-0.00164198
-0.00168677
-0.00182056
-0.00191811
-0.00190848
-0.00201976
-0.00225059
-0.00237427
-0.002273
-0.00211689
-0.00226738
-0.00273647
-0.00326074
-0.00351604
-0.00328556
-0.00283531
-0.00269956
-0.00297069
-0.00337324
-0.00164211
-0.00167291
-0.00171165
-0.00184249
-0.00195853
-0.00194799
-0.00203368
-0.00226761
-0.00243122
-0.00237686
-0.00220373
-0.00227237
-0.00270264
-0.00325912
-0.00357389
-0.00341366
-0.00297009
-0.00273576
-0.00291863
-0.00332636
-0.00167253
-0.00170459
-0.00173865
-0.00186336
-0.0019974
-0.00199286
-0.00205253
-0.002281
-0.00247733
-0.00247301
-0.0023044
-0.00229712
-0.00266277
-0.00323988
-0.00361768
-0.00352504
-0.00311013
-0.00280862
-0.00289424
-0.00327117
-0.00170262
-0.00173675
-0.00176792
-0.00188383
-0.0020336
-0.00204195
-0.00207745
-0.00229266
-0.00251409
-0.00255778
-0.00241238
-0.00234618
-0.00262541
-0.00320047
-0.00364634
-0.00362194
-0.00324532
-0.00290578
-0.00290822
-0.00322669
-0.00173248
-0.00176911
-0.0017994
-0.00190469
-0.00206646
-0.00209369
-0.00210918
-0.00230436
-0.00254309
-0.00263003
-0.00252015
-0.00241902
-0.00260179
-0.00314226
-0.00365484
-0.00370718
-0.00337263
-0.00301414
-0.00295576
-0.00320896
-0.00176221
-0.00180141
-0.00183284
-0.00192674
-0.0020958
-0.00214624
-0.00214787
-0.00231779
-0.00256588
-0.00269055
-0.00262086
-0.00250954
-0.00260243
-0.00307258
-0.00363697
-0.00377928
-0.00349498
-0.0031263
-0.00302134
-0.00322176
-0.00179195
-0.00183347
-0.00186782
-0.00195072
-0.00212198
-0.00219767
-0.00219303
-0.00233463
-0.00258388
-0.00274095
-0.0027104
-0.00260901
-0.002633
-0.00300439
-0.00359006
-0.00383193
-0.00361402
-0.00324348
-0.00309334
-0.00325617
-0.00182179
-0.00186515
-0.00190385
-0.00197714
-0.00214571
-0.00224625
-0.00224347
-0.00235643
-0.00259853
-0.00278275
-0.00278817
-0.00270823
-0.00269173
-0.00295321
-0.00351859
-0.00385725
-0.00372552
-0.00337022
-0.00317048
-0.00329996
-0.00185182
-0.0018964
-0.00194039
-0.00200621
-0.00216794
-0.00229073
-0.00229752
-0.00238434
-0.00261144
-0.00281695
-0.00285564
-0.00279974
-0.0027701
-0.00293148
-0.00343375
-0.00385019
-0.00382065
-0.00350629
-0.00326058
-0.00334597
-0.00188208
-0.00192722
-0.00197691
-0.00203787
-0.00218975
-0.00233049
-0.00235315
-0.00241882
-0.00262454
-0.00284421
-0.00291476
-0.00288026
-0.00285725
-0.00294409
-0.00335188
-0.00381226
-0.00388999
-0.00364391
-0.00337152
-0.00339623
-0.00191257
-0.00195768
-0.00201298
-0.00207176
-0.00221214
-0.00236556
-0.00240824
-0.00245949
-0.00263989
-0.00286528
-0.00296672
-0.00295064
-0.00294272
-0.00298725
-0.0032896
-0.00375159
-0.00392754
-0.00377016
-0.00350275
-0.00345853
-0.00194324
-0.00198783
-0.00204825
-0.00210732
-0.00223596
-0.0023965
-0.00246085
-0.00250513
-0.00265937
-0.00288144
-0.00301161
-0.00301367
-0.00301935
-0.00305055
-0.00325792
-0.00368084
-0.0039333
-0.00387226
-0.00364312
-0.00353857
-0.00197402
-0.00201776
-0.00208249
-0.00214389
-0.00226173
-0.00242424
-0.00250956
-0.00255393
-0.00268419
-0.00289474
-0.00304893
-0.00307175
-0.00308539
-0.00312208
-0.00325931
-0.00361517
-0.00391334
-0.00394237
-0.00377574
-0.00363481
-0.0020048
-0.0020475
-0.0021156
-0.0021808
-0.00228961
-0.00244983
-0.00255361
-0.00260392
-0.00271459
-0.00290772
-0.00307845
-0.0031256
-0.00314327
-0.00319146
-0.00328806
-0.0035673
-0.00387687
-0.0039794
-0.00388504
-0.00373847
-0.00203544
-0.00207708
-0.00214758
-0.00221742
-0.00231942
-0.00247429
-0.00259289
-0.00265317
-0.00274981
-0.00292279
-0.00310101
-0.00317433
-0.00319645
-0.00325284
-0.0033337
-0.00354365
-0.00383482
-0.00398856
-0.00396257
-0.00383755
-0.00206578
-0.00210643
-0.00217847
-0.0022532
-0.00235072
-0.00249849
-0.00262777
-0.00270014
-0.00278842
-0.00294156
-0.00311859
-0.00321645
-0.00324712
-0.00330565
-0.00338564
-0.00354375
-0.00379762
-0.00397845
-0.00400836
-0.0039218
-0.00209565
-0.00213549
-0.00220833
-0.00228772
-0.00238293
-0.00252305
-0.00265893
-0.00274377
-0.0028287
-0.00296457
-0.00313385
-0.00325115
-0.00329541
-0.00335237
-0.00343587
-0.00356185
-0.00377218
-0.00395856
-0.00402899
-0.00398612
-0.00212488
-0.00216411
-0.00223722
-0.00232072
-0.0024154
-0.00254824
-0.00268715
-0.00278355
-0.00286906
-0.00299137
-0.00314918
-0.00327886
-0.00333996
-0.00339567
-0.00348062
-0.00359011
-0.00376096
-0.00393754
-0.00403309
-0.00403066
-0.00215329
-0.00219212
-0.00226513
-0.00235203
-0.0024475
-0.00257407
-0.00271321
-0.00281937
-0.00290815
-0.0030209
-0.00316619
-0.00330115
-0.00337924
-0.00343687
-0.00351985
-0.00362179
-0.00376255
-0.00392133
-0.00402888
-0.00405897
-0.00218069
-0.00221932
-0.00229203
-0.00238156
-0.00247865
-0.00260028
-0.00273773
-0.0028515
-0.00294499
-0.00305179
-0.00318549
-0.00332007
-0.00341248
-0.00347577
-0.00355516
-0.00365275
-0.00377325
-0.00391266
-0.00402287
-0.00407591
-0.00220689
-0.0022455
-0.00231783
-0.00240926
-0.00250838
-0.00262646
-0.00276116
-0.00288031
-0.00297899
-0.00308275
-0.00320685
-0.00333749
-0.0034399
-0.00351136
-0.00358796
-0.00368147
-0.0037892
-0.00391163
-0.00401901
-0.00408627
-0.00223169
-0.0022704
-0.00234238
-0.00243511
-0.00253633
-0.00265214
-0.00278367
-0.00290623
-0.00300992
-0.00311271
-0.0032295
-0.0033546
-0.00346255
-0.00354266
-0.00361866
-0.00370797
-0.00380749
-0.0039168
-0.0040189
-0.00409379
-0.00225486
-0.00229379
-0.00236548
-0.00245904
-0.00256223
-0.00267684
-0.0028053
-0.00292961
-0.00303769
-0.00314091
-0.00325255
-0.00337192
-0.00348178
-0.00356928
-0.00364691
-0.00373256
-0.00382634
-0.0039262
-0.0040226
-0.00410078
-0.00227617
-0.00231538
-0.0023869
-0.00248095
-0.00258584
-0.00270007
-0.00282589
-0.00295072
-0.00306233
-0.00316678
-0.00327512
-0.00338941
-0.00349881
-0.0035916
-0.00367222
-0.00375539
-0.00384475
-0.00393798
-0.00402931
-0.00410835
-0.00229537
-0.00233491
-0.00240639
-0.00250073
-0.00260701
-0.00272139
-0.00284518
-0.00296977
-0.00308396
-0.00318994
-0.00329636
-0.00340663
-0.0035144
-0.00361036
-0.00369431
-0.00377645
-0.00386235
-0.00395074
-0.00403792
-0.00411669
-0.00231219
-0.00235208
-0.00242363
-0.00251817
-0.00262555
-0.0027404
-0.00286276
-0.00298678
-0.00310276
-0.00321026
-0.00331566
-0.00342293
-0.00352873
-0.00362617
-0.00371308
-0.00379547
-0.00387908
-0.00396391
-0.00404768
-0.00412575
-0.00232632
-0.00236662
-0.00243833
-0.00253302
-0.00264127
-0.00275668
-0.00287808
-0.00300143
-0.00311866
-0.00322762
-0.00333263
-0.00343771
-0.00354161
-0.00363947
-0.00372854
-0.00381184
-0.00389437
-0.00397724
-0.00405883
-0.00413585
-0.00233758
-0.00237819
-0.00245003
-0.00254481
-0.00265367
-0.0027696
-0.0028903
-0.00301287
-0.00313077
-0.00324089
-0.00334592
-0.00344965
-0.00355219
-0.00365022
-0.00374088
-0.00382499
-0.00390622
-0.00398663
-0.00406589
-0.00414204
-0.00234611
-0.00238813
-0.00246103
-0.00255652
-0.00266623
-0.00278303
-0.00290384
-0.00302608
-0.00314439
-0.00325543
-0.00336089
-0.00346405
-0.00356564
-0.0036634
-0.00375491
-0.00384025
-0.00392195
-0.00400199
-0.00408039
-0.00415588
0.00902463
0.00380655
-0.00317548
-0.00854938
-0.0102441
-0.00959311
-0.00879819
-0.0084218
-0.00827507
-0.00811625
-0.00792034
-0.0078946
-0.00793446
-0.0078556
-0.00784638
-0.00794524
-0.00799651
-0.00806123
-0.00818489
-0.00828776
-0.00835417
-0.00841334
-0.00847514
-0.00851451
-0.0085201
-0.00852619
-0.00853041
-0.00851726
-0.00851468
-0.0085233
-0.00851305
-0.00850258
-0.00851404
-0.00853196
-0.0085413
-0.00855588
-0.00857921
-0.00860755
-0.00863691
-0.00867058
-0.00870919
-0.00875045
-0.00879755
-0.00884525
-0.0089005
-0.00895478
-0.00901579
-0.00907717
-0.00914099
-0.0092101
-0.00927538
-0.00935042
-0.0094186
-0.00949466
-0.00956686
-0.00963584
-0.0097083
-0.00975676
-0.00976409
-0.00975015
0.00847104
0.00371174
-0.0031329
-0.00846907
-0.0101904
-0.00956666
-0.00878274
-0.00841208
-0.00826854
-0.00811125
-0.00791585
-0.00789064
-0.0079312
-0.00785267
-0.00784374
-0.00794305
-0.00799461
-0.00805951
-0.00818344
-0.00828655
-0.00835314
-0.00841248
-0.00847445
-0.00851398
-0.00851968
-0.00852587
-0.00853017
-0.00851707
-0.00851453
-0.0085232
-0.00851298
-0.00850252
-0.008514
-0.00853193
-0.00854129
-0.00855587
-0.00857921
-0.00860755
-0.00863691
-0.00867058
-0.0087092
-0.00875045
-0.00879755
-0.00884525
-0.0089005
-0.00895478
-0.00901579
-0.00907717
-0.00914099
-0.0092101
-0.00927538
-0.00935042
-0.0094186
-0.00949466
-0.00956686
-0.00963584
-0.0097083
-0.00975676
-0.00976408
-0.00975009
0.00799305
0.00364187
-0.00302962
-0.00831261
-0.0100981
-0.00953327
-0.008767
-0.0084
-0.00825942
-0.00810492
-0.00791117
-0.00788684
-0.00792798
-0.00784974
-0.00784114
-0.00794091
-0.00799272
-0.00805785
-0.00818205
-0.00828535
-0.00835209
-0.00841159
-0.00847372
-0.0085134
-0.00851922
-0.0085255
-0.0085299
-0.00851685
-0.00851436
-0.00852308
-0.00851289
-0.00850246
-0.00851395
-0.00853191
-0.00854127
-0.00855586
-0.0085792
-0.00860755
-0.00863691
-0.00867058
-0.0087092
-0.00875045
-0.00879755
-0.00884525
-0.0089005
-0.00895478
-0.00901579
-0.00907717
-0.00914099
-0.0092101
-0.00927538
-0.00935042
-0.0094186
-0.00949466
-0.00956686
-0.00963584
-0.0097083
-0.00975677
-0.00976409
-0.00975003
0.00754547
0.00356805
-0.00290702
-0.00812389
-0.00997685
-0.00948761
-0.00874359
-0.00838053
-0.00824401
-0.00809451
-0.00790443
-0.0078818
-0.00792371
-0.00784601
-0.00783785
-0.00793793
-0.00799003
-0.0080555
-0.00818002
-0.00828353
-0.00835045
-0.00841015
-0.00847249
-0.00851238
-0.00851838
-0.00852485
-0.00852941
-0.00851647
-0.00851405
-0.00852284
-0.00851272
-0.00850233
-0.00851386
-0.00853184
-0.00854122
-0.00855583
-0.00857918
-0.00860754
-0.00863691
-0.00867058
-0.00870919
-0.00875045
-0.00879755
-0.00884525
-0.0089005
-0.00895478
-0.00901579
-0.00907717
-0.00914099
-0.0092101
-0.00927538
-0.00935042
-0.0094186
-0.00949466
-0.00956686
-0.00963584
-0.0097083
-0.00975678
-0.00976413
-0.00974997
0.00710304
0.00347705
-0.00278319
-0.00792614
-0.00984508
-0.00943634
-0.00871644
-0.00835588
-0.00822279
-0.00807954
-0.00789495
-0.00787485
-0.00791783
-0.0078412
-0.0078337
-0.00793394
-0.00798627
-0.00805217
-0.00817701
-0.00828072
-0.00834787
-0.0084078
-0.00847039
-0.00851057
-0.00851689
-0.00852367
-0.0085285
-0.00851575
-0.00851347
-0.00852239
-0.00851238
-0.00850208
-0.00851368
-0.0085317
-0.00854112
-0.00855576
-0.00857914
-0.00860751
-0.00863689
-0.00867057
-0.00870919
-0.00875045
-0.00879755
-0.00884525
-0.0089005
-0.00895478
-0.00901579
-0.00907717
-0.00914099
-0.0092101
-0.00927538
-0.00935042
-0.0094186
-0.00949466
-0.00956686
-0.00963585
-0.00970831
-0.00975681
-0.00976421
-0.0097499
0.00666292
0.00336998
-0.00265872
-0.00772367
-0.00970765
-0.00938264
-0.00868879
-0.00832954
-0.00819855
-0.00806153
-0.0078832
-0.00786607
-0.00791037
-0.00783538
-0.00782884
-0.00792907
-0.00798155
-0.00804783
-0.00817288
-0.00827678
-0.00834421
-0.0084044
-0.00846724
-0.00850779
-0.00851455
-0.00852178
-0.00852701
-0.00851458
-0.0085125
-0.00852159
-0.00851178
-0.00850165
-0.00851335
-0.00853144
-0.00854092
-0.00855563
-0.00857905
-0.00860745
-0.00863685
-0.00867055
-0.00870918
-0.00875044
-0.00879755
-0.00884525
-0.0089005
-0.00895478
-0.00901579
-0.00907717
-0.00914099
-0.0092101
-0.00927538
-0.00935043
-0.0094186
-0.00949467
-0.00956687
-0.00963586
-0.00970832
-0.00975686
-0.00976432
-0.00974985
0.00622915
0.00325169
-0.00253273
-0.00751787
-0.00956583
-0.00932703
-0.00866134
-0.00830272
-0.00817282
-0.00804174
-0.00786991
-0.00785596
-0.00790178
-0.00782881
-0.00782346
-0.00792368
-0.00797624
-0.00804275
-0.00816779
-0.00827179
-0.00833954
-0.0084
-0.00846305
-0.008504
-0.00851132
-0.00851911
-0.00852489
-0.0085129
-0.0085111
-0.00852042
-0.00851087
-0.008501
-0.00851285
-0.00853103
-0.00854061
-0.0085554
-0.00857889
-0.00860734
-0.00863677
-0.0086705
-0.00870915
-0.00875043
-0.00879755
-0.00884525
-0.0089005
-0.00895478
-0.00901579
-0.00907717
-0.00914099
-0.0092101
-0.00927538
-0.00935043
-0.0094186
-0.00949467
-0.00956687
-0.00963587
-0.00970833
-0.00975691
-0.00976448
-0.00974981
0.00580678
0.00312421
-0.00240777
-0.00731085
-0.00942021
-0.00926919
-0.00863387
-0.00827564
-0.00814609
-0.00802072
-0.0078555
-0.00784493
-0.00789242
-0.00782167
-0.00781769
-0.00791797
-0.00797064
-0.00803725
-0.00816204
-0.00826601
-0.00833408
-0.00839482
-0.00845807
-0.0084994
-0.00850733
-0.00851577
-0.00852218
-0.00851073
-0.00850928
-0.00851886
-0.00850965
-0.00850011
-0.00851215
-0.00853045
-0.00854016
-0.00855508
-0.00857866
-0.00860717
-0.00863665
-0.00867043
-0.00870911
-0.0087504
-0.00879753
-0.00884524
-0.0089005
-0.00895478
-0.00901579
-0.00907717
-0.00914099
-0.0092101
-0.00927538
-0.00935043
-0.00941861
-0.00949468
-0.00956688
-0.00963589
-0.00970835
-0.00975698
-0.00976467
-0.00974978
0.00539935
0.00298702
-0.00228724
-0.00710369
-0.00927036
-0.00920838
-0.00860616
-0.00824848
-0.00811859
-0.00799865
-0.00784019
-0.00783321
-0.0078825
-0.00781409
-0.0078116
-0.00791203
-0.00796484
-0.0080315
-0.0081559
-0.00825971
-0.00832809
-0.00838913
-0.00845254
-0.00849423
-0.00850279
-0.00851193
-0.00851902
-0.00850818
-0.00850712
-0.00851699
-0.00850818
-0.00849902
-0.00851129
-0.00852972
-0.00853959
-0.00855466
-0.00857835
-0.00860693
-0.00863649
-0.00867032
-0.00870904
-0.00875036
-0.00879751
-0.00884524
-0.00890049
-0.00895478
-0.00901579
-0.00907717
-0.00914099
-0.0092101
-0.00927538
-0.00935043
-0.00941861
-0.00949468
-0.00956689
-0.00963591
-0.00970837
-0.00975707
-0.00976489
-0.00974977
0.00500822
0.00283926
-0.00217284
-0.0068961
-0.00911575
-0.00914434
-0.00857838
-0.00822155
-0.00809046
-0.00797561
-0.007824
-0.00782083
-0.00787204
-0.0078061
-0.00780524
-0.00790587
-0.00795885
-0.00802557
-0.00814951
-0.00825307
-0.00832174
-0.0083831
-0.00844667
-0.0084887
-0.00849789
-0.00850774
-0.00851556
-0.00850537
-0.00850473
-0.0085149
-0.0085065
-0.00849777
-0.00851029
-0.00852888
-0.00853891
-0.00855416
-0.00857797
-0.00860665
-0.00863628
-0.00867017
-0.00870895
-0.00875031
-0.00879748
-0.00884522
-0.00890049
-0.00895478
-0.00901579
-0.00907717
-0.009141
-0.00921011
-0.00927538
-0.00935044
-0.00941861
-0.00949469
-0.00956689
-0.00963594
-0.0097084
-0.00975716
-0.00976514
-0.00974977
0.00463368
0.00268149
-0.00206493
-0.00668806
-0.00895672
-0.00907728
-0.00855065
-0.00819498
-0.00806173
-0.00795151
-0.0078069
-0.00780779
-0.00786108
-0.00779773
-0.0077986
-0.00789946
-0.00795264
-0.00801944
-0.00814291
-0.00824618
-0.00831513
-0.00837682
-0.00844056
-0.00848292
-0.00849274
-0.00850332
-0.00851188
-0.00850238
-0.00850216
-0.00851265
-0.00850469
-0.00849641
-0.0085092
-0.00852795
-0.00853817
-0.00855361
-0.00857755
-0.00860632
-0.00863604
-0.00867001
-0.00870884
-0.00875024
-0.00879744
-0.0088452
-0.00890048
-0.00895478
-0.00901579
-0.00907717
-0.009141
-0.00921011
-0.00927539
-0.00935044
-0.00941862
-0.0094947
-0.0095669
-0.00963597
-0.00970843
-0.00975726
-0.00976542
-0.00974979
0.00427594
0.00251529
-0.00196411
-0.00648057
-0.00879391
-0.00900703
-0.00852267
-0.00816873
-0.00803244
-0.00792638
-0.00778888
-0.00779409
-0.00784964
-0.007789
-0.00779169
-0.00789281
-0.00794619
-0.00801312
-0.00813612
-0.00823908
-0.00830829
-0.00837033
-0.00843425
-0.00847695
-0.0084874
-0.00849872
-0.00850805
-0.00849925
-0.00849948
-0.0085103
-0.00850278
-0.00849497
-0.00850805
-0.00852696
-0.00853737
-0.008553
-0.00857709
-0.00860597
-0.00863577
-0.00866982
-0.00870871
-0.00875017
-0.0087974
-0.00884518
-0.00890047
-0.00895477
-0.00901579
-0.00907717
-0.009141
-0.00921011
-0.00927539
-0.00935044
-0.00941862
-0.00949472
-0.00956691
-0.009636
-0.00970846
-0.00975736
-0.00976571
-0.00974982
0.00393527
0.00234224
-0.00187173
-0.00627489
-0.00862745
-0.00893295
-0.00849405
-0.0081429
-0.00800279
-0.00790029
-0.00776996
-0.00777976
-0.0078377
-0.0077799
-0.00778451
-0.00788591
-0.00793951
-0.0080066
-0.00812915
-0.00823179
-0.00830126
-0.00836366
-0.00842777
-0.0084708
-0.0084819
-0.00849398
-0.00850409
-0.00849601
-0.00849671
-0.00850785
-0.0085008
-0.00849347
-0.00850684
-0.00852593
-0.00853653
-0.00855237
-0.0085766
-0.00860559
-0.00863549
-0.00866962
-0.00870858
-0.00875008
-0.00879735
-0.00884516
-0.00890046
-0.00895477
-0.00901579
-0.00907717
-0.009141
-0.00921011
-0.00927539
-0.00935045
-0.00941863
-0.00949473
-0.00956693
-0.00963603
-0.0097085
-0.00975747
-0.00976602
-0.00974986
0.00361169
0.00216357
-0.00178918
-0.00607174
-0.00845713
-0.00885453
-0.00846464
-0.00811773
-0.00797296
-0.00787327
-0.00775012
-0.00776477
-0.00782527
-0.00777042
-0.00777706
-0.00787876
-0.00793257
-0.00799986
-0.00812199
-0.0082243
-0.00829403
-0.0083568
-0.00842111
-0.00846449
-0.00847625
-0.0084891
-0.00850001
-0.00849266
-0.00849384
-0.00850533
-0.00849874
-0.00849191
-0.00850559
-0.00852486
-0.00853566
-0.00855171
-0.0085761
-0.0086052
-0.00863519
-0.00866942
-0.00870844
-0.00874999
-0.0087973
-0.00884513
-0.00890045
-0.00895476
-0.00901579
-0.00907717
-0.009141
-0.00921011
-0.0092754
-0.00935045
-0.00941863
-0.00949474
-0.00956694
-0.00963607
-0.00970854
-0.00975759
-0.00976634
-0.00974992
0.00330473
0.00198038
-0.00171727
-0.00587157
-0.00828303
-0.00877157
-0.00843434
-0.0080933
-0.00794309
-0.00784537
-0.00772937
-0.00774913
-0.00781236
-0.00776058
-0.00776933
-0.00787135
-0.00792537
-0.00799289
-0.00811464
-0.00821662
-0.00828662
-0.00834977
-0.00841428
-0.008458
-0.00847044
-0.00848408
-0.00849581
-0.00848921
-0.0084909
-0.00850272
-0.00849661
-0.0084903
-0.0085043
-0.00852375
-0.00853476
-0.00855102
-0.00857557
-0.00860479
-0.00863488
-0.0086692
-0.00870829
-0.0087499
-0.00879724
-0.0088451
-0.00890043
-0.00895476
-0.00901579
-0.00907717
-0.00914101
-0.00921011
-0.0092754
-0.00935046
-0.00941864
-0.00949476
-0.00956695
-0.00963611
-0.00970858
-0.00975771
-0.00976668
-0.00974999
0.00301355
0.00179406
-0.00165627
-0.00567511
-0.00810573
-0.00868389
-0.00840275
-0.00806955
-0.00791333
-0.00781667
-0.00770771
-0.00773282
-0.00779895
-0.00775036
-0.00776132
-0.00786367
-0.00791789
-0.0079857
-0.00810709
-0.00820875
-0.008279
-0.00834254
-0.00840727
-0.00845135
-0.00846446
-0.00847892
-0.00849148
-0.00848566
-0.00848786
-0.00850004
-0.00849441
-0.00848863
-0.00850296
-0.00852261
-0.00853383
-0.00855031
-0.00857502
-0.00860436
-0.00863456
-0.00866897
-0.00870813
-0.0087498
-0.00879718
-0.00884507
-0.00890042
-0.00895475
-0.00901579
-0.00907717
-0.00914101
-0.00921011
-0.0092754
-0.00935046
-0.00941865
-0.00949477
-0.00956697
-0.00963615
-0.00970863
-0.00975784
-0.00976704
-0.00975007
0.00273721
0.00160625
-0.00160642
-0.00548348
-0.00792585
-0.00859113
-0.00836935
-0.00804644
-0.0078839
-0.00778731
-0.00768514
-0.00771581
-0.00778502
-0.00773976
-0.00775303
-0.00785571
-0.00791014
-0.00797827
-0.00809933
-0.00820067
-0.00827119
-0.00833513
-0.00840008
-0.00844452
-0.00845833
-0.00847362
-0.00848703
-0.00848201
-0.00848473
-0.00849728
-0.00849214
-0.0084869
-0.00850159
-0.00852143
-0.00853286
-0.00854958
-0.00857446
-0.00860392
-0.00863423
-0.00866873
-0.00870797
-0.0087497
-0.00879712
-0.00884504
-0.0089004
-0.00895474
-0.00901578
-0.00907717
-0.00914101
-0.00921011
-0.00927541
-0.00935047
-0.00941865
-0.00949479
-0.00956699
-0.0096362
-0.00970869
-0.00975797
-0.00976741
-0.00975017
0.00247474
0.0014185
-0.00156797
-0.0052978
-0.00774388
-0.00849287
-0.00833369
-0.00802398
-0.00785504
-0.00775741
-0.00766163
-0.00769803
-0.00777054
-0.00772875
-0.00774444
-0.00784746
-0.00790209
-0.0079706
-0.00809137
-0.00819238
-0.00826316
-0.00832752
-0.0083927
-0.00843751
-0.00845203
-0.00846817
-0.00848245
-0.00847824
-0.00848151
-0.00849444
-0.00848979
-0.00848511
-0.00850016
-0.00852022
-0.00853186
-0.00854881
-0.00857388
-0.00860347
-0.00863388
-0.00866849
-0.0087078
-0.00874959
-0.00879705
-0.008845
-0.00890038
-0.00895473
-0.00901578
-0.00907717
-0.00914101
-0.00921011
-0.00927541
-0.00935047
-0.00941866
-0.00949481
-0.00956701
-0.00963624
-0.00970875
-0.00975811
-0.00976779
-0.00975028
0.00222496
0.0012321
-0.00154097
-0.00511898
-0.00756036
-0.00838892
-0.00829535
-0.00800207
-0.00782693
-0.00772709
-0.00763718
-0.00767945
-0.00775549
-0.00771734
-0.00773554
-0.00783892
-0.00789375
-0.00796267
-0.00808318
-0.00818387
-0.00825493
-0.00831971
-0.00838513
-0.00843032
-0.00844556
-0.00846257
-0.00847774
-0.00847436
-0.0084782
-0.0084915
-0.00848737
-0.00848327
-0.0084987
-0.00851896
-0.00853083
-0.00854802
-0.00857327
-0.008603
-0.00863352
-0.00866823
-0.00870762
-0.00874948
-0.00879698
-0.00884496
-0.00890037
-0.00895472
-0.00901578
-0.00907716
-0.00914102
-0.00921011
-0.00927541
-0.00935048
-0.00941867
-0.00949483
-0.00956703
-0.00963629
-0.00970882
-0.00975826
-0.00976819
-0.0097504
0.00198658
0.00104813
-0.00152509
-0.0049478
-0.00737605
-0.00827925
-0.00825385
-0.00798052
-0.00779973
-0.00769654
-0.00761181
-0.00766
-0.00773981
-0.00770551
-0.00772634
-0.00783007
-0.0078851
-0.00795449
-0.00807478
-0.00817514
-0.00824647
-0.0083117
-0.00837737
-0.00842293
-0.00843891
-0.0084568
-0.00847289
-0.00847036
-0.00847479
-0.00848848
-0.00848486
-0.00848136
-0.00849718
-0.00851766
-0.00852976
-0.0085472
-0.00857265
-0.00860251
-0.00863315
-0.00866797
-0.00870744
-0.00874936
-0.00879691
-0.00884492
-0.00890035
-0.00895471
-0.00901578
-0.00907716
-0.00914102
-0.00921011
-0.00927542
-0.00935049
-0.00941868
-0.00949485
-0.00956705
-0.00963635
-0.00970889
-0.00975841
-0.00976861
-0.00975054
0.00175831
0.000867627
-0.00151968
-0.00478507
-0.00719189
-0.00816389
-0.0082086
-0.00795903
-0.0077736
-0.00766598
-0.00758555
-0.00763962
-0.00772346
-0.00769324
-0.00771683
-0.00782091
-0.00787612
-0.00794604
-0.00806615
-0.00816618
-0.00823779
-0.00830347
-0.0083694
-0.00841535
-0.00843207
-0.00845088
-0.0084679
-0.00846625
-0.00847128
-0.00848537
-0.00848228
-0.00847939
-0.00849562
-0.00851632
-0.00852865
-0.00854636
-0.008572
-0.008602
-0.00863277
-0.00866769
-0.00870725
-0.00874923
-0.00879683
-0.00884488
-0.00890032
-0.0089547
-0.00901577
-0.00907716
-0.00914102
-0.00921011
-0.00927542
-0.0093505
-0.00941869
-0.00949487
-0.00956708
-0.0096364
-0.00970897
-0.00975857
-0.00976904
-0.0097507
0.00153893
0.000691469
-0.00152398
-0.00463157
-0.00700882
-0.00804298
-0.00815907
-0.00793729
-0.00774868
-0.00763565
-0.00755846
-0.00761824
-0.00770638
-0.0076805
-0.00770699
-0.00781143
-0.00786682
-0.00793731
-0.00805728
-0.00815699
-0.00822888
-0.00829503
-0.00836122
-0.00840756
-0.00842505
-0.00844479
-0.00846276
-0.00846202
-0.00846766
-0.00848216
-0.00847961
-0.00847735
-0.008494
-0.00851494
-0.00852751
-0.00854548
-0.00857133
-0.00860148
-0.00863237
-0.0086674
-0.00870705
-0.00874911
-0.00879675
-0.00884483
-0.0089003
-0.00895469
-0.00901577
-0.00907715
-0.00914102
-0.00921012
-0.00927543
-0.00935051
-0.0094187
-0.00949489
-0.0095671
-0.00963646
-0.00970905
-0.00975873
-0.00976948
-0.00975087
0.00132734
0.000520346
-0.00153716
-0.00448788
-0.00682776
-0.00791681
-0.00810475
-0.00791487
-0.00772502
-0.00760578
-0.00753061
-0.00759581
-0.00768851
-0.00766729
-0.00769683
-0.00780163
-0.00785718
-0.0079283
-0.00804818
-0.00814757
-0.00821973
-0.00828636
-0.00835283
-0.00839958
-0.00841785
-0.00843853
-0.00845747
-0.00845766
-0.00846394
-0.00847885
-0.00847685
-0.00847524
-0.00849233
-0.00851351
-0.00852633
-0.00854457
-0.00857063
-0.00860094
-0.00863195
-0.00866711
-0.00870684
-0.00874897
-0.00879667
-0.00884479
-0.00890028
-0.00895467
-0.00901577
-0.00907715
-0.00914102
-0.00921012
-0.00927543
-0.00935052
-0.00941871
-0.00949492
-0.00956713
-0.00963653
-0.00970915
-0.0097589
-0.00976994
-0.00975106
0.00112261
0.000354705
-0.00155823
-0.00435432
-0.00664972
-0.00778596
-0.00804519
-0.00789126
-0.00770262
-0.00757666
-0.00750216
-0.0075723
-0.00766976
-0.00765355
-0.00768633
-0.00779148
-0.00784719
-0.007919
-0.00803882
-0.00813789
-0.00821034
-0.00827747
-0.00834423
-0.00839138
-0.00841044
-0.0084321
-0.00845204
-0.00845317
-0.0084601
-0.00847544
-0.008474
-0.00847306
-0.00849061
-0.00851204
-0.0085251
-0.00854363
-0.00856991
-0.00860038
-0.00863152
-0.0086668
-0.00870663
-0.00874883
-0.00879658
-0.00884474
-0.00890025
-0.00895466
-0.00901576
-0.00907714
-0.00914103
-0.00921012
-0.00927544
-0.00935053
-0.00941872
-0.00949494
-0.00956717
-0.00963659
-0.00970924
-0.00975908
-0.00977041
-0.00975127
0.000924026
0.000194747
-0.0015862
-0.00423106
-0.00647568
-0.00765118
-0.00797995
-0.00786583
-0.00768141
-0.00754855
-0.00747328
-0.00754769
-0.00765006
-0.00763925
-0.0076755
-0.007781
-0.00783684
-0.00790939
-0.00802922
-0.00812797
-0.0082007
-0.00826834
-0.00833541
-0.00838297
-0.00840284
-0.00842549
-0.00844645
-0.00844855
-0.00845616
-0.00847192
-0.00847106
-0.00847081
-0.00848883
-0.00851051
-0.00852383
-0.00854266
-0.00856917
-0.0085998
-0.00863107
-0.00866647
-0.00870641
-0.00874868
-0.00879649
-0.00884468
-0.00890022
-0.00895464
-0.00901576
-0.00907714
-0.00914103
-0.00921012
-0.00927544
-0.00935054
-0.00941873
-0.00949497
-0.0095672
-0.00963666
-0.00970935
-0.00975926
-0.0097709
-0.00975149
0.000731139
4.05495e-05
-0.00162006
-0.00411808
-0.00630656
-0.00751338
-0.00790872
-0.00783797
-0.00766123
-0.00752171
-0.00744416
-0.00752197
-0.00762933
-0.00762433
-0.00766431
-0.00777018
-0.00782613
-0.00789948
-0.00801935
-0.0081178
-0.00819081
-0.00825898
-0.00832635
-0.00837434
-0.00839504
-0.0084187
-0.0084407
-0.00844379
-0.00845209
-0.0084683
-0.00846802
-0.00846848
-0.008487
-0.00850894
-0.00852252
-0.00854165
-0.0085684
-0.00859919
-0.00863061
-0.00866614
-0.00870617
-0.00874853
-0.00879639
-0.00884462
-0.00890019
-0.00895462
-0.00901575
-0.00907713
-0.00914103
-0.00921012
-0.00927545
-0.00935055
-0.00941875
-0.009495
-0.00956724
-0.00963674
-0.00970947
-0.00975945
-0.0097714
-0.00975174
0.000543833
-0.000107929
-0.00165882
-0.00401512
-0.00614316
-0.00737366
-0.00783134
-0.00780698
-0.00764182
-0.00749633
-0.00741508
-0.0074952
-0.00760749
-0.00760873
-0.00765274
-0.00775902
-0.00781505
-0.00788924
-0.00800922
-0.00810736
-0.00818067
-0.00824938
-0.00831707
-0.00836549
-0.00838703
-0.00841173
-0.00843478
-0.0084389
-0.00844791
-0.00846457
-0.00846488
-0.00846608
-0.0084851
-0.00850731
-0.00852117
-0.0085406
-0.0085676
-0.00859857
-0.00863013
-0.00866579
-0.00870593
-0.00874837
-0.00879629
-0.00884456
-0.00890016
-0.0089546
-0.00901574
-0.00907712
-0.00914103
-0.00921012
-0.00927545
-0.00935056
-0.00941876
-0.00949503
-0.00956728
-0.00963682
-0.00970959
-0.00975965
-0.00977191
-0.009752
0.000362259
-0.000250873
-0.00170163
-0.00392183
-0.00598617
-0.00723311
-0.00774779
-0.00777216
-0.00762283
-0.00747261
-0.0073863
-0.00746745
-0.00758448
-0.00759237
-0.00764077
-0.00774752
-0.00780359
-0.00787868
-0.00799882
-0.00809665
-0.00817026
-0.00823953
-0.00830756
-0.00835641
-0.0083788
-0.00840456
-0.0084287
-0.00843386
-0.00844361
-0.00846072
-0.00846164
-0.0084636
-0.00848314
-0.00850564
-0.00851976
-0.00853952
-0.00856677
-0.00859792
-0.00862963
-0.00866543
-0.00870567
-0.0087482
-0.00879618
-0.0088445
-0.00890012
-0.00895458
-0.00901574
-0.00907712
-0.00914103
-0.00921012
-0.00927546
-0.00935057
-0.00941878
-0.00949507
-0.00956733
-0.0096369
-0.00970973
-0.00975986
-0.00977244
-0.00975228
0.00018676
-0.000388496
-0.00174773
-0.00383778
-0.00583617
-0.00709288
-0.00765829
-0.00773286
-0.00760381
-0.00745062
-0.00735814
-0.00743885
-0.00756025
-0.00757517
-0.00762837
-0.00773567
-0.00779175
-0.00786778
-0.00798813
-0.00808567
-0.00815958
-0.00822943
-0.0082978
-0.00834709
-0.00837037
-0.0083972
-0.00842245
-0.00842868
-0.00843918
-0.00845676
-0.0084583
-0.00846103
-0.00848112
-0.0085039
-0.00851831
-0.0085384
-0.00856592
-0.00859725
-0.00862911
-0.00866506
-0.00870541
-0.00874802
-0.00879607
-0.00884443
-0.00890008
-0.00895456
-0.00901573
-0.00907711
-0.00914104
-0.00921012
-0.00927547
-0.00935058
-0.00941879
-0.0094951
-0.00956738
-0.00963699
-0.00970987
-0.00976007
-0.00977298
-0.00975258
1.77478e-05
-0.000520997
-0.00179646
-0.00376248
-0.00569352
-0.00695406
-0.00756326
-0.00768849
-0.0075842
-0.00743039
-0.00733087
-0.00740956
-0.00753476
-0.00755703
-0.00761547
-0.00772346
-0.00777954
-0.00785655
-0.00797715
-0.00807441
-0.00814862
-0.00821907
-0.0082878
-0.00833754
-0.00836171
-0.00838964
-0.00841602
-0.00842335
-0.00843462
-0.00845268
-0.00845485
-0.00845838
-0.00847903
-0.00850211
-0.00851681
-0.00853724
-0.00856503
-0.00859656
-0.00862858
-0.00866466
-0.00870514
-0.00874784
-0.00879595
-0.00884436
-0.00890004
-0.00895453
-0.00901572
-0.0090771
-0.00914104
-0.00921012
-0.00927547
-0.0093506
-0.00941881
-0.00949514
-0.00956743
-0.00963708
-0.00971002
-0.00976029
-0.00977353
-0.0097529
-0.000144364
-0.000648495
-0.00184729
-0.00369544
-0.00555842
-0.00681762
-0.00746334
-0.00763853
-0.00756339
-0.00741184
-0.0073048
-0.0073798
-0.00750803
-0.00753787
-0.00760201
-0.00771088
-0.00776696
-0.00784497
-0.00796588
-0.00806286
-0.00813739
-0.00820846
-0.00827755
-0.00832775
-0.00835282
-0.00838187
-0.00840942
-0.00841787
-0.00842993
-0.00844847
-0.00845128
-0.00845564
-0.00847688
-0.00850026
-0.00851526
-0.00853604
-0.00856411
-0.00859584
-0.00862802
-0.00866426
-0.00870485
-0.00874764
-0.00879582
-0.00884428
-0.0089
-0.0089545
-0.00901571
-0.00907709
-0.00914104
-0.00921012
-0.00927548
-0.00935061
-0.00941883
-0.00949518
-0.00956749
-0.00963717
-0.00971019
-0.00976051
-0.0097741
-0.00975324
-0.000299375
-0.000771065
-0.00189983
-0.00363619
-0.00543085
-0.0066845
-0.00735941
-0.00758261
-0.00754066
-0.00739479
-0.00728017
-0.00734982
-0.00748012
-0.00751761
-0.00758792
-0.00769791
-0.00775401
-0.00783304
-0.0079543
-0.00805102
-0.00812587
-0.00819757
-0.00826704
-0.00831772
-0.00834371
-0.0083739
-0.00840263
-0.00841223
-0.0084251
-0.00844413
-0.0084476
-0.0084528
-0.00847465
-0.00849835
-0.00851365
-0.00853479
-0.00856316
-0.00859509
-0.00862744
-0.00866384
-0.00870455
-0.00874744
-0.00879569
-0.0088442
-0.00889996
-0.00895447
-0.0090157
-0.00907708
-0.00914104
-0.00921012
-0.00927549
-0.00935063
-0.00941886
-0.00949522
-0.00956755
-0.00963728
-0.00971036
-0.00976075
-0.00977467
-0.0097536
-0.000447404
-0.000888718
-0.00195373
-0.0035843
-0.00531062
-0.00655545
-0.00725252
-0.00752048
-0.00751532
-0.00737895
-0.00725718
-0.00731989
-0.00745111
-0.00749619
-0.00757309
-0.0076845
-0.0077407
-0.00782078
-0.00794242
-0.00803887
-0.00811405
-0.00818641
-0.00825628
-0.00830743
-0.00833436
-0.00836572
-0.00839565
-0.00840644
-0.00842013
-0.00843967
-0.00844381
-0.00844988
-0.00847235
-0.00849637
-0.00851199
-0.0085335
-0.00856217
-0.00859432
-0.00862684
-0.0086634
-0.00870424
-0.00874723
-0.00879555
-0.00884411
-0.00889991
-0.00895444
-0.00901569
-0.00907706
-0.00914104
-0.00921012
-0.0092755
-0.00935065
-0.00941888
-0.00949526
-0.00956762
-0.00963738
-0.00971055
-0.00976099
-0.00977526
-0.00975399
-0.000588809
-0.00100134
-0.00200868
-0.00353942
-0.00519745
-0.00643105
-0.00714384
-0.00745205
-0.00748662
-0.00736397
-0.007236
-0.0072903
-0.00742114
-0.00747357
-0.00755743
-0.0076706
-0.00772701
-0.00780819
-0.00793022
-0.00802642
-0.00810194
-0.00817498
-0.00824525
-0.00829689
-0.00832477
-0.00835731
-0.00838848
-0.00840048
-0.00841502
-0.00843507
-0.00843989
-0.00844686
-0.00846998
-0.00849434
-0.00851027
-0.00853217
-0.00856115
-0.00859352
-0.00862622
-0.00866294
-0.00870391
-0.00874701
-0.00879541
-0.00884402
-0.00889985
-0.00895441
-0.00901567
-0.00907705
-0.00914104
-0.00921012
-0.00927551
-0.00935066
-0.0094189
-0.00949531
-0.00956769
-0.00963749
-0.00971074
-0.00976124
-0.00977585
-0.00975439
-0.000724309
-0.00110879
-0.00206438
-0.00350127
-0.00509094
-0.00631171
-0.00703462
-0.0073775
-0.00745388
-0.00734941
-0.00721666
-0.00726133
-0.00739042
-0.00744977
-0.00754084
-0.00765613
-0.00771294
-0.00779528
-0.00791772
-0.00801364
-0.00808952
-0.00816327
-0.00823396
-0.00828609
-0.00831494
-0.00834869
-0.00838112
-0.00839435
-0.00840976
-0.00843033
-0.00843585
-0.00844374
-0.00846753
-0.00849223
-0.0085085
-0.00853079
-0.00856009
-0.00859268
-0.00862557
-0.00866246
-0.00870358
-0.00874678
-0.00879525
-0.00884392
-0.0088998
-0.00895437
-0.00901566
-0.00907703
-0.00914105
-0.00921012
-0.00927552
-0.00935068
-0.00941893
-0.00949536
-0.00956776
-0.00963761
-0.00971095
-0.00976149
-0.00977646
-0.00975482
-0.000855117
-0.00121092
-0.00212046
-0.00346964
-0.00499074
-0.00619768
-0.00692611
-0.00729723
-0.00741646
-0.0073347
-0.00719913
-0.00723322
-0.00735915
-0.00742482
-0.00752325
-0.00764101
-0.00769845
-0.00778207
-0.00790492
-0.00800054
-0.00807678
-0.00815127
-0.00822239
-0.00827503
-0.00830487
-0.00833984
-0.00837355
-0.00838806
-0.00840436
-0.00842545
-0.00843168
-0.00844052
-0.00846499
-0.00849005
-0.00850666
-0.00852936
-0.00855899
-0.00859182
-0.0086249
-0.00866197
-0.00870322
-0.00874653
-0.00879509
-0.00884382
-0.00889974
-0.00895433
-0.00901564
-0.00907702
-0.00914105
-0.00921012
-0.00927553
-0.0093507
-0.00941896
-0.00949541
-0.00956785
-0.00963773
-0.00971117
-0.00976176
-0.00977707
-0.00975527
-0.000982891
-0.00130763
-0.00217643
-0.00344441
-0.00489656
-0.006089
-0.00681939
-0.00721184
-0.00737383
-0.00731926
-0.00718324
-0.00720617
-0.00732759
-0.00739882
-0.00750458
-0.00762512
-0.0076835
-0.00776856
-0.00789184
-0.00798712
-0.00806371
-0.00813897
-0.00821055
-0.0082637
-0.00829454
-0.00833076
-0.00836578
-0.00838159
-0.0083988
-0.00842042
-0.00842739
-0.00843719
-0.00846238
-0.00848781
-0.00850476
-0.00852787
-0.00855786
-0.00859093
-0.0086242
-0.00866146
-0.00870286
-0.00874628
-0.00879492
-0.00884371
-0.00889968
-0.00895428
-0.00901563
-0.009077
-0.00914105
-0.00921012
-0.00927554
-0.00935072
-0.00941899
-0.00949547
-0.00956794
-0.00963786
-0.00971141
-0.00976204
-0.0097777
-0.00975574
-0.00110961
-0.00139895
-0.00223161
-0.00342548
-0.00480826
-0.00598549
-0.00671546
-0.00712217
-0.00732555
-0.00730243
-0.00716879
-0.00718036
-0.00729598
-0.0073719
-0.00748483
-0.00760835
-0.00766802
-0.00775475
-0.00787849
-0.00797337
-0.00805031
-0.00812638
-0.00819844
-0.0082521
-0.00828395
-0.00832145
-0.0083578
-0.00837494
-0.00839309
-0.00841525
-0.00842295
-0.00843375
-0.00845968
-0.00848549
-0.00850279
-0.00852634
-0.00855668
-0.00859
-0.00862348
-0.00866092
-0.00870247
-0.00874601
-0.00879475
-0.00884359
-0.00889961
-0.00895424
-0.00901561
-0.00907698
-0.00914105
-0.00921011
-0.00927555
-0.00935074
-0.00941902
-0.00949553
-0.00956803
-0.009638
-0.00971165
-0.00976232
-0.00977833
-0.00975624
-0.00123735
-0.00148531
-0.0022852
-0.0034127
-0.00472579
-0.00588686
-0.00661508
-0.0070292
-0.00727136
-0.00728357
-0.0071555
-0.00715589
-0.00726458
-0.00734426
-0.007464
-0.00759061
-0.00765191
-0.00774063
-0.00786491
-0.00795931
-0.00803657
-0.00811348
-0.00818603
-0.00824022
-0.00827311
-0.00831189
-0.00834961
-0.00836811
-0.00838721
-0.00840993
-0.00841838
-0.0084302
-0.00845689
-0.00848309
-0.00850076
-0.00852475
-0.00855546
-0.00858904
-0.00862273
-0.00866037
-0.00870207
-0.00874574
-0.00879456
-0.00884347
-0.00889954
-0.00895419
-0.00901559
-0.00907696
-0.00914105
-0.00921011
-0.00927556
-0.00935077
-0.00941906
-0.00949559
-0.00956813
-0.00963814
-0.00971191
-0.00976261
-0.00977897
-0.00975675
-0.00136801
-0.00156755
-0.00233625
-0.00340573
-0.00464928
-0.00579272
-0.00651882
-0.00693404
-0.00721116
-0.00726206
-0.00714304
-0.00713278
-0.00723358
-0.00731612
-0.00744215
-0.00757179
-0.00763507
-0.00772617
-0.00785112
-0.00794494
-0.00802246
-0.00810025
-0.00817335
-0.00822807
-0.008262
-0.00830209
-0.0083412
-0.00836109
-0.00838117
-0.00840445
-0.00841366
-0.00842653
-0.00845401
-0.00848062
-0.00849866
-0.0085231
-0.0085542
-0.00858805
-0.00862195
-0.00865979
-0.00870166
-0.00874545
-0.00879437
-0.00884334
-0.00889946
-0.00895413
-0.00901556
-0.00907694
-0.00914105
-0.00921011
-0.00927558
-0.00935079
-0.0094191
-0.00949565
-0.00956824
-0.00963829
-0.00971219
-0.00976291
-0.00977961
-0.0097573
-0.00150277
-0.00164696
-0.00238384
-0.00340399
-0.00457894
-0.00570271
-0.00642704
-0.00683789
-0.00714507
-0.00723733
-0.00713099
-0.00711096
-0.00720314
-0.00728769
-0.00741941
-0.00755187
-0.00761735
-0.0077113
-0.00783715
-0.00793031
-0.00800801
-0.0080867
-0.00816037
-0.00821564
-0.00825062
-0.00829204
-0.00833257
-0.00835389
-0.00837497
-0.00839881
-0.0084088
-0.00842275
-0.00845104
-0.00847806
-0.00849649
-0.0085214
-0.00855289
-0.00858702
-0.00862115
-0.00865918
-0.00870122
-0.00874514
-0.00879416
-0.00884321
-0.00889938
-0.00895407
-0.00901554
-0.00907691
-0.00914105
-0.00921011
-0.00927559
-0.00935082
-0.00941914
-0.00949572
-0.00956835
-0.00963844
-0.00971247
-0.00976323
-0.00978026
-0.00975786
-0.00164165
-0.00172516
-0.00242738
-0.00340674
-0.004515
-0.00561647
-0.00633988
-0.00674192
-0.00707342
-0.00720884
-0.00711896
-0.00709028
-0.00717338
-0.00725922
-0.00739595
-0.00753082
-0.00759863
-0.00769594
-0.007823
-0.00791544
-0.0079932
-0.00807281
-0.00814708
-0.00820292
-0.00823896
-0.00828173
-0.00832371
-0.00834649
-0.0083686
-0.00839302
-0.00840379
-0.00841884
-0.00844797
-0.00847543
-0.00849425
-0.00851963
-0.00855153
-0.00858595
-0.00862031
-0.00865856
-0.00870077
-0.00874482
-0.00879395
-0.00884306
-0.0088993
-0.00895401
-0.00901551
-0.00907688
-0.00914105
-0.0092101
-0.0092756
-0.00935084
-0.00941918
-0.00949579
-0.00956848
-0.0096386
-0.00971277
-0.00976355
-0.00978091
-0.00975844
-0.00178347
-0.00180395
-0.00246666
-0.00341301
-0.0044576
-0.00553378
-0.00625735
-0.00664724
-0.00699669
-0.00717616
-0.00710648
-0.00707056
-0.00714437
-0.0072309
-0.00737196
-0.0075087
-0.00757877
-0.00767996
-0.00780868
-0.00790039
-0.00797805
-0.00805855
-0.00813349
-0.00818991
-0.00822704
-0.00827116
-0.00831461
-0.0083389
-0.00836206
-0.00838705
-0.00839862
-0.0084148
-0.0084448
-0.00847271
-0.00849193
-0.00851781
-0.00855012
-0.00858484
-0.00861944
-0.00865791
-0.0087003
-0.00874449
-0.00879372
-0.00884291
-0.00889921
-0.00895395
-0.00901549
-0.00907686
-0.00914105
-0.0092101
-0.00927562
-0.00935087
-0.00941923
-0.00949586
-0.00956861
-0.00963877
-0.00971308
-0.00976388
-0.00978157
-0.00975905
-0.00192592
-0.00188482
-0.00250172
-0.0034217
-0.00440687
-0.00545456
-0.00617934
-0.00655484
-0.00691552
-0.00713888
-0.00709312
-0.00705156
-0.00711607
-0.0072029
-0.00734766
-0.00748559
-0.0075577
-0.00766322
-0.00779414
-0.0078852
-0.00796259
-0.00804394
-0.00811958
-0.00817662
-0.00821483
-0.00826033
-0.00830529
-0.00833111
-0.00835534
-0.00838092
-0.0083933
-0.00841064
-0.00844153
-0.0084699
-0.00848953
-0.00851591
-0.00854867
-0.00858369
-0.00861853
-0.00865723
-0.00869981
-0.00874414
-0.00879348
-0.00884275
-0.00889911
-0.00895388
-0.00901545
-0.00907682
-0.00914105
-0.0092101
-0.00927564
-0.0093509
-0.00941928
-0.00949594
-0.00956874
-0.00963895
-0.0097134
-0.00976422
-0.00978223
-0.00975969
-0.00206591
-0.00196892
-0.00253316
-0.00343186
-0.00436274
-0.00537876
-0.0061056
-0.00646556
-0.00683065
-0.00709676
-0.00707847
-0.00703305
-0.00708842
-0.00717534
-0.0073233
-0.00746167
-0.00753537
-0.00764554
-0.00777931
-0.00786992
-0.00794687
-0.00802895
-0.00810534
-0.00816303
-0.00820234
-0.00824923
-0.00829571
-0.00832311
-0.00834845
-0.00837463
-0.00838782
-0.00840634
-0.00843815
-0.008467
-0.00848706
-0.00851396
-0.00854716
-0.0085825
-0.0086176
-0.00865652
-0.0086993
-0.00874378
-0.00879323
-0.00884258
-0.00889901
-0.0089538
-0.00901542
-0.00907679
-0.00914105
-0.00921009
-0.00927565
-0.00935093
-0.00941933
-0.00949603
-0.00956889
-0.00963914
-0.00971374
-0.00976458
-0.0097829
-0.00976034
-0.00220006
-0.00205694
-0.00256187
-0.00344259
-0.004325
-0.00530631
-0.00603577
-0.00638017
-0.00674298
-0.00704966
-0.00706219
-0.00701479
-0.00706127
-0.00714827
-0.00729909
-0.00743711
-0.0075118
-0.00762677
-0.00776407
-0.00785457
-0.00793093
-0.00801361
-0.00809074
-0.00814913
-0.00818957
-0.00823786
-0.0082859
-0.00831491
-0.00834138
-0.00836815
-0.00838217
-0.0084019
-0.00843467
-0.00846402
-0.0084845
-0.00851193
-0.0085456
-0.00858126
-0.00861663
-0.00865579
-0.00869876
-0.0087434
-0.00879297
-0.0088424
-0.0088989
-0.00895372
-0.00901539
-0.00907675
-0.00914104
-0.00921009
-0.00927567
-0.00935096
-0.00941939
-0.00949611
-0.00956904
-0.00963933
-0.00971409
-0.00976495
-0.00978357
-0.00976101
-0.00232495
-0.00214893
-0.00258887
-0.00345325
-0.00429341
-0.00523714
-0.00596939
-0.00629931
-0.00665349
-0.00699753
-0.00704393
-0.00699655
-0.00703439
-0.00712171
-0.00727521
-0.00741216
-0.00748706
-0.00760676
-0.00774827
-0.00783915
-0.00791486
-0.00799792
-0.00807577
-0.00813492
-0.00817651
-0.00822621
-0.00827583
-0.0083065
-0.00833413
-0.00836151
-0.00837635
-0.00839731
-0.00843107
-0.00846094
-0.00848186
-0.00850983
-0.00854398
-0.00857998
-0.00861562
-0.00865503
-0.00869821
-0.008743
-0.0087927
-0.00884221
-0.00889878
-0.00895363
-0.00901535
-0.00907672
-0.00914104
-0.00921008
-0.00927569
-0.009351
-0.00941945
-0.00949621
-0.0095692
-0.00963954
-0.00971445
-0.00976532
-0.00978424
-0.00976171
-0.00243742
-0.0022442
-0.00261525
-0.0034635
-0.00426787
-0.00517123
-0.00590585
-0.00622344
-0.00656325
-0.00694042
-0.00702335
-0.00697814
-0.00700759
-0.00709559
-0.00725182
-0.00738705
-0.00746129
-0.00758543
-0.00773173
-0.00782362
-0.00789872
-0.00798195
-0.00806042
-0.00812038
-0.00816316
-0.00821429
-0.00826551
-0.00829787
-0.00832669
-0.00835469
-0.00837036
-0.00839258
-0.00842736
-0.00845776
-0.00847913
-0.00850766
-0.0085423
-0.00857866
-0.00861457
-0.00865423
-0.00869763
-0.00874258
-0.00879241
-0.008842
-0.00889866
-0.00895354
-0.00901531
-0.00907668
-0.00914104
-0.00921007
-0.00927571
-0.00935103
-0.00941951
-0.0094963
-0.00956937
-0.00963975
-0.00971483
-0.00976571
-0.00978491
-0.00976243
-0.00253513
-0.00234148
-0.00264193
-0.00347299
-0.00424846
-0.00510872
-0.00584434
-0.00615278
-0.00647341
-0.0068785
-0.00700015
-0.00695943
-0.00698063
-0.00706978
-0.00722902
-0.007362
-0.00743465
-0.00756276
-0.00771425
-0.00780787
-0.00788259
-0.00796574
-0.00804468
-0.00810547
-0.00814952
-0.00820208
-0.00825493
-0.00828903
-0.00831907
-0.00834769
-0.00836419
-0.0083877
-0.00842354
-0.00845449
-0.00847632
-0.00850541
-0.00854056
-0.00857728
-0.00861349
-0.00865341
-0.00869703
-0.00874214
-0.00879211
-0.00884179
-0.00889853
-0.00895344
-0.00901526
-0.00907663
-0.00914104
-0.00921007
-0.00927573
-0.00935107
-0.00941957
-0.00949641
-0.00956955
-0.00963997
-0.00971522
-0.00976612
-0.00978558
-0.00976316
-0.00261758
-0.00243937
-0.00266961
-0.00348107
-0.0042352
-0.00505014
-0.00578413
-0.00608736
-0.00638522
-0.00681207
-0.00697396
-0.00694033
-0.00695331
-0.00704404
-0.00720687
-0.00733723
-0.00740739
-0.00753881
-0.00769564
-0.00779176
-0.0078665
-0.0079494
-0.00802858
-0.00809019
-0.00813556
-0.0081896
-0.00824409
-0.00827997
-0.00831127
-0.00834051
-0.00835784
-0.00838265
-0.00841959
-0.00845112
-0.00847342
-0.00850308
-0.00853876
-0.00857586
-0.00861236
-0.00865255
-0.0086964
-0.00874169
-0.0087918
-0.00884157
-0.0088984
-0.00895334
-0.00901522
-0.00907658
-0.00914103
-0.00921006
-0.00927575
-0.00935111
-0.00941964
-0.00949651
-0.00956974
-0.0096402
-0.00971561
-0.00976653
-0.00978626
-0.00976392
-0.00268618
-0.00253654
-0.00269909
-0.0034868
-0.00422783
-0.00499644
-0.00572454
-0.00602672
-0.00629981
-0.00674164
-0.00694447
-0.00692078
-0.00692552
-0.00701812
-0.0071854
-0.0073129
-0.00737969
-0.00751368
-0.00767578
-0.00777508
-0.00785044
-0.00793303
-0.00801214
-0.0080745
-0.00812127
-0.00817683
-0.00823298
-0.00827068
-0.00830328
-0.00833315
-0.00835131
-0.00837745
-0.00841551
-0.00844765
-0.00847042
-0.00850068
-0.0085369
-0.00857439
-0.0086112
-0.00865166
-0.00869574
-0.00874121
-0.00879147
-0.00884133
-0.00889825
-0.00895323
-0.00901517
-0.00907653
-0.00914102
-0.00921005
-0.00927577
-0.00935115
-0.00941971
-0.00949663
-0.00956993
-0.00964045
-0.00971602
-0.00976696
-0.00978694
-0.0097647
-0.00274409
-0.00263198
-0.00273146
-0.00348923
-0.00422542
-0.00494885
-0.00566525
-0.00597004
-0.00621818
-0.00666801
-0.00691138
-0.00690069
-0.00689719
-0.00699168
-0.00716453
-0.00728919
-0.00735176
-0.00748754
-0.00765461
-0.00775761
-0.00783434
-0.00791674
-0.00799543
-0.00805838
-0.00810663
-0.00816378
-0.00822161
-0.00826117
-0.00829511
-0.00832561
-0.00834459
-0.00837208
-0.00841132
-0.00844408
-0.00846733
-0.00849819
-0.00853497
-0.00857286
-0.00860999
-0.00865073
-0.00869506
-0.00874071
-0.00879112
-0.00884109
-0.0088981
-0.00895311
-0.00901511
-0.00907648
-0.00914102
-0.00921005
-0.0092758
-0.00935119
-0.00941979
-0.00949675
-0.00957013
-0.0096407
-0.00971645
-0.0097674
-0.00978761
-0.00976549
-0.00279592
-0.00272517
-0.0027681
-0.00348776
-0.00422626
-0.00490854
-0.00560657
-0.00591626
-0.00614097
-0.00659219
-0.00687446
-0.00687988
-0.00686838
-0.00696442
-0.00714414
-0.00726624
-0.00732378
-0.00746061
-0.00763217
-0.0077391
-0.00781806
-0.00790064
-0.00797856
-0.00804181
-0.00809159
-0.00815042
-0.00820998
-0.00825143
-0.00828674
-0.00831789
-0.00833769
-0.00836654
-0.00840699
-0.0084404
-0.00846415
-0.00849561
-0.00853298
-0.00857128
-0.00860874
-0.00864977
-0.00869435
-0.00874019
-0.00879076
-0.00884082
-0.00889794
-0.00895299
-0.00901505
-0.00907643
-0.00914101
-0.00921004
-0.00927582
-0.00935124
-0.00941987
-0.00949687
-0.00957034
-0.00964096
-0.00971688
-0.00976785
-0.00978829
-0.0097663
-0.00284583
-0.00281572
-0.00281027
-0.00348258
-0.00422813
-0.00487622
-0.00554951
-0.00586432
-0.00606829
-0.00651534
-0.00683368
-0.00685813
-0.0068392
-0.00693606
-0.00712399
-0.00724419
-0.00729589
-0.00743306
-0.0076086
-0.00771937
-0.00780137
-0.00788476
-0.00796167
-0.00802483
-0.00807612
-0.00813675
-0.0081981
-0.00824147
-0.0082782
-0.00830999
-0.00833059
-0.00836082
-0.00840252
-0.00843662
-0.00846087
-0.00849295
-0.00853091
-0.00856965
-0.00860744
-0.00864877
-0.00869361
-0.00873965
-0.00879038
-0.00884055
-0.00889777
-0.00895285
-0.00901499
-0.00907637
-0.009141
-0.00921003
-0.00927584
-0.00935129
-0.00941995
-0.00949701
-0.00957056
-0.00964124
-0.00971732
-0.00976832
-0.00978897
-0.00976712
-0.00289673
-0.00290323
-0.00285902
-0.00347479
-0.0042285
-0.00485167
-0.00549562
-0.00581348
-0.00599981
-0.00643855
-0.00678928
-0.00683517
-0.00680979
-0.0069064
-0.00710374
-0.00722314
-0.00726821
-0.00740507
-0.00758409
-0.00769832
-0.00778401
-0.00786911
-0.00794492
-0.00800748
-0.00806015
-0.00812274
-0.00818595
-0.00823128
-0.00826946
-0.00830192
-0.00832329
-0.00835491
-0.00839792
-0.00843274
-0.00845749
-0.0084902
-0.00852877
-0.00856796
-0.00860609
-0.00864773
-0.00869284
-0.00873908
-0.00878998
-0.00884026
-0.00889759
-0.00895271
-0.00901492
-0.0090763
-0.00914099
-0.00921002
-0.00927587
-0.00935134
-0.00942004
-0.00949715
-0.00957079
-0.00964153
-0.00971778
-0.0097688
-0.00978965
-0.00976796
-0.00295065
-0.00298719
-0.00291493
-0.00346648
-0.00422521
-0.00483355
-0.00544642
-0.00576375
-0.00593491
-0.00636263
-0.00674176
-0.00681075
-0.00678024
-0.00687537
-0.00708302
-0.00720313
-0.0072409
-0.00737671
-0.00755888
-0.00767595
-0.00776568
-0.00785356
-0.00792849
-0.00798985
-0.00804366
-0.00810834
-0.00817354
-0.00822088
-0.00826055
-0.00829366
-0.00831579
-0.00834882
-0.00839318
-0.00842875
-0.00845401
-0.00848736
-0.00852655
-0.00856621
-0.0086047
-0.00864666
-0.00869204
-0.00873849
-0.00878956
-0.00883996
-0.0088974
-0.00895257
-0.00901485
-0.00907623
-0.00914098
-0.00921001
-0.00927589
-0.0093514
-0.00942012
-0.00949729
-0.00957103
-0.00964183
-0.00971824
-0.00976929
-0.00979034
-0.00976882
-0.00300878
-0.00306698
-0.00297774
-0.00346028
-0.00421716
-0.00481969
-0.00540286
-0.00571584
-0.00587297
-0.00628788
-0.00669177
-0.00678475
-0.00675054
-0.00684298
-0.00706143
-0.00718411
-0.00721414
-0.00734804
-0.00753321
-0.00765242
-0.00774606
-0.00783791
-0.00791252
-0.00797212
-0.00802661
-0.00809349
-0.00816086
-0.00821027
-0.00825146
-0.00828524
-0.0083081
-0.00834253
-0.00838829
-0.00842465
-0.00845043
-0.00848442
-0.00852426
-0.0085644
-0.00860326
-0.00864554
-0.00869121
-0.00873787
-0.00878913
-0.00883964
-0.00889719
-0.00895241
-0.00901477
-0.00907616
-0.00914096
-0.00921
-0.00927592
-0.00935146
-0.00942022
-0.00949745
-0.00957127
-0.00964214
-0.00971872
-0.0097698
-0.00979102
-0.00976968
-0.00307141
-0.00314225
-0.00304635
-0.00345875
-0.0042046
-0.00480758
-0.00536494
-0.00567097
-0.00581374
-0.00621416
-0.00663993
-0.00675728
-0.00672067
-0.00680932
-0.0070386
-0.00716595
-0.00718815
-0.00731906
-0.00750726
-0.00762798
-0.00772494
-0.00782185
-0.00789709
-0.00795447
-0.00800902
-0.00807812
-0.00814788
-0.00819946
-0.0082422
-0.00827665
-0.0083002
-0.00833604
-0.00838325
-0.00842044
-0.00844675
-0.00848138
-0.00852189
-0.00856253
-0.00860177
-0.00864437
-0.00869034
-0.00873723
-0.00878867
-0.0088393
-0.00889698
-0.00895224
-0.00901469
-0.00907609
-0.00914094
-0.00920999
-0.00927594
-0.00935153
-0.00942031
-0.00949761
-0.00957152
-0.00964246
-0.0097192
-0.00977032
-0.00979171
-0.00977056
-0.00313756
-0.00321308
-0.00311884
-0.00346394
-0.00418901
-0.00479506
-0.00533157
-0.00563022
-0.00575775
-0.00614117
-0.00658653
-0.00672867
-0.0066906
-0.00677452
-0.00701423
-0.00714836
-0.00716314
-0.00728979
-0.00748112
-0.00760296
-0.00770226
-0.007805
-0.0078822
-0.00793714
-0.00799096
-0.00806215
-0.00813457
-0.00818847
-0.00823279
-0.00826789
-0.00829209
-0.00832934
-0.00837806
-0.00841613
-0.00844297
-0.00847824
-0.00851944
-0.0085606
-0.00860023
-0.00864317
-0.00868944
-0.00873655
-0.0087882
-0.00883895
-0.00889676
-0.00895207
-0.0090146
-0.00907601
-0.00914092
-0.00920998
-0.00927597
-0.00935159
-0.00942041
-0.00949778
-0.00957178
-0.00964279
-0.00971969
-0.00977085
-0.0097924
-0.00977145
-0.00320513
-0.0032797
-0.0031926
-0.00347698
-0.0041727
-0.00478112
-0.00530094
-0.00559379
-0.00570616
-0.00606885
-0.00653138
-0.00669934
-0.00666044
-0.00673862
-0.00698816
-0.00713099
-0.00713927
-0.00726034
-0.00745474
-0.0075777
-0.00767811
-0.00778696
-0.00786768
-0.0079204
-0.00797255
-0.00804549
-0.00812086
-0.00817729
-0.00822325
-0.00825899
-0.00828378
-0.00832242
-0.00837272
-0.00841171
-0.00843909
-0.008475
-0.00851691
-0.0085586
-0.00859864
-0.00864192
-0.00868851
-0.00873585
-0.0087877
-0.00883858
-0.00889652
-0.00895189
-0.00901451
-0.00907593
-0.0091409
-0.00920997
-0.00927599
-0.00935167
-0.00942051
-0.00949797
-0.00957205
-0.00964314
-0.0097202
-0.00977139
-0.00979309
-0.00977235
-0.0032715
-0.00334226
-0.0032649
-0.00349781
-0.004158
-0.00476613
-0.00527124
-0.00556073
-0.00566025
-0.00599779
-0.00647393
-0.00666958
-0.0066305
-0.00670164
-0.0069603
-0.00711346
-0.00711662
-0.00723089
-0.00742803
-0.00755249
-0.00765276
-0.00776734
-0.00785325
-0.00790446
-0.00795401
-0.0080281
-0.00810665
-0.00816593
-0.00821361
-0.00824994
-0.00827527
-0.00831528
-0.00836721
-0.00840718
-0.0084351
-0.00847166
-0.00851429
-0.00855654
-0.00859699
-0.00864062
-0.00868754
-0.00873513
-0.00878718
-0.00883819
-0.00889627
-0.00895169
-0.00901441
-0.00907584
-0.00914087
-0.00920997
-0.00927601
-0.00935174
-0.00942061
-0.00949815
-0.00957232
-0.0096435
-0.00972071
-0.00977194
-0.00979378
-0.00977325
-0.00333524
-0.00340118
-0.00333315
-0.00352494
-0.00414669
-0.00475153
-0.00524155
-0.00552923
-0.00562068
-0.00592949
-0.00641367
-0.00663925
-0.00660128
-0.00666363
-0.00693062
-0.00709544
-0.0070951
-0.00720167
-0.00740085
-0.00752751
-0.00762662
-0.0077459
-0.0078385
-0.00788946
-0.00793562
-0.00800996
-0.00809184
-0.00815436
-0.00820389
-0.00824078
-0.00826654
-0.00830791
-0.00836154
-0.00840255
-0.00843102
-0.00846821
-0.00851158
-0.00855441
-0.00859529
-0.00863928
-0.00868653
-0.00873437
-0.00878664
-0.00883779
-0.00889601
-0.00895149
-0.0090143
-0.00907575
-0.00914084
-0.00920996
-0.00927604
-0.00935182
-0.00942072
-0.00949835
-0.0095726
-0.00964386
-0.00972123
-0.0097725
-0.00979448
-0.00977416
-0.00339722
-0.00345804
-0.00339522
-0.00355574
-0.00413948
-0.00473905
-0.00521247
-0.00549713
-0.00558676
-0.00586595
-0.00635059
-0.00660768
-0.00657335
-0.00662476
-0.00689909
-0.00707667
-0.0070745
-0.00717297
-0.00737316
-0.00750275
-0.00760013
-0.0077226
-0.00782293
-0.00787538
-0.0079177
-0.00799116
-0.00807628
-0.00814252
-0.00819413
-0.00823152
-0.00825761
-0.00830029
-0.00835569
-0.00839782
-0.00842684
-0.00846465
-0.00850878
-0.00855221
-0.00859353
-0.00863789
-0.00868548
-0.00873358
-0.00878608
-0.00883736
-0.00889573
-0.00895128
-0.00901418
-0.00907566
-0.00914081
-0.00920995
-0.00927606
-0.00935191
-0.00942083
-0.00949856
-0.00957289
-0.00964424
-0.00972176
-0.00977307
-0.00979518
-0.00977508
-0.00345921
-0.00351548
-0.00345042
-0.00358718
-0.00413574
-0.00472997
-0.00518604
-0.00546291
-0.00555633
-0.00580901
-0.00628569
-0.00657384
-0.00654707
-0.0065854
-0.00686562
-0.00705704
-0.00705454
-0.00714498
-0.00734503
-0.00747806
-0.00757374
-0.00769763
-0.00780603
-0.00786203
-0.00790062
-0.00797185
-0.00805985
-0.00813033
-0.00818436
-0.00822223
-0.00824848
-0.00829241
-0.00834966
-0.00839299
-0.00842256
-0.00846099
-0.00850589
-0.00854995
-0.00859172
-0.00863646
-0.0086844
-0.00873276
-0.00878549
-0.00883692
-0.00889544
-0.00895105
-0.00901406
-0.00907556
-0.00914077
-0.00920994
-0.00927608
-0.009352
-0.00942094
-0.00949877
-0.00957319
-0.00964463
-0.0097223
-0.00977365
-0.00979588
-0.00977601
-0.00352167
-0.00357668
-0.00350022
-0.00361626
-0.00413368
-0.00472453
-0.00516475
-0.00542679
-0.00552634
-0.0057594
-0.00622107
-0.00653682
-0.00652235
-0.00654613
-0.00683013
-0.00703651
-0.00703488
-0.00711777
-0.00731666
-0.00745322
-0.00754777
-0.00767141
-0.00778731
-0.00784902
-0.00788471
-0.0079523
-0.00804243
-0.00811766
-0.00817459
-0.00821294
-0.00823916
-0.00828426
-0.00834344
-0.00838806
-0.00841819
-0.00845721
-0.0085029
-0.00854761
-0.00858986
-0.00863497
-0.00868327
-0.0087319
-0.00878487
-0.00883645
-0.00889514
-0.00895082
-0.00901393
-0.00907545
-0.00914073
-0.00920994
-0.0092761
-0.0093521
-0.00942105
-0.009499
-0.0095735
-0.00964503
-0.00972285
-0.00977425
-0.00979658
-0.00977694
-0.00358293
-0.00364453
-0.00354826
-0.00364074
-0.00413085
-0.00472155
-0.00515081
-0.00539117
-0.00549372
-0.0057159
-0.00615933
-0.00649637
-0.00649852
-0.00650758
-0.00679259
-0.0070151
-0.00701529
-0.00709122
-0.00728837
-0.00742803
-0.00752234
-0.00764448
-0.00776653
-0.00783585
-0.00787015
-0.0079329
-0.00802398
-0.00810433
-0.00816483
-0.00820374
-0.00822968
-0.00827582
-0.00833703
-0.00838304
-0.00841374
-0.00845333
-0.00849982
-0.00854521
-0.00858793
-0.00863343
-0.0086821
-0.00873102
-0.00878423
-0.00883597
-0.00889482
-0.00895057
-0.00901378
-0.00907535
-0.00914069
-0.00920993
-0.00927611
-0.0093522
-0.00942117
-0.00949923
-0.00957381
-0.00964544
-0.00972341
-0.00977484
-0.00979729
-0.00977787
-0.0036399
-0.00372016
-0.00359948
-0.00366023
-0.0041244
-0.0047186
-0.00514519
-0.00535992
-0.00545674
-0.00567549
-0.00610276
-0.00645349
-0.00647453
-0.00647024
-0.00675311
-0.00699281
-0.0069957
-0.00706502
-0.00726047
-0.00740245
-0.00749731
-0.0076174
-0.00774369
-0.00782186
-0.00785695
-0.00791408
-0.00800456
-0.00809014
-0.00815503
-0.00819469
-0.00822007
-0.00826708
-0.00833039
-0.00837793
-0.0084092
-0.00844933
-0.00849663
-0.00854273
-0.00858595
-0.00863184
-0.00868089
-0.0087301
-0.00878357
-0.00883547
-0.00889448
-0.00895031
-0.00901363
-0.00907523
-0.00914063
-0.00920993
-0.00927613
-0.0093523
-0.00942129
-0.00949947
-0.00957414
-0.00964585
-0.00972398
-0.00977545
-0.009798
-0.0097788
-0.00368965
-0.00380169
-0.00365921
-0.00367705
-0.00411187
-0.00471253
-0.00514696
-0.0053371
-0.00541628
-0.00563415
-0.00605214
-0.00641038
-0.00644949
-0.00643416
-0.00671194
-0.00696957
-0.00697621
-0.00703877
-0.00723314
-0.00737663
-0.00747239
-0.00759068
-0.00771914
-0.00780641
-0.00784485
-0.00789635
-0.00798435
-0.00807486
-0.00814507
-0.00818587
-0.0082104
-0.00825802
-0.00832352
-0.00837273
-0.0084046
-0.00844523
-0.00849335
-0.00854018
-0.00858392
-0.00863021
-0.00867964
-0.00872914
-0.00878287
-0.00883494
-0.00889413
-0.00895005
-0.00901348
-0.00907512
-0.00914058
-0.00920993
-0.00927614
-0.00935242
-0.00942141
-0.00949971
-0.00957447
-0.00964628
-0.00972456
-0.00977607
-0.00979871
-0.00977973
-0.00373176
-0.00388489
-0.00373125
-0.00369578
-0.00409215
-0.00469983
-0.00515322
-0.00532593
-0.0053761
-0.0055881
-0.00600577
-0.00636982
-0.00642332
-0.00639886
-0.00666936
-0.00694531
-0.00695712
-0.00701212
-0.00720634
-0.00735094
-0.00744724
-0.00756461
-0.00769344
-0.00778896
-0.0078334
-0.00788014
-0.0079637
-0.0080583
-0.0081348
-0.00817737
-0.00820074
-0.00824863
-0.00831638
-0.00836744
-0.00839993
-0.00844102
-0.00848996
-0.00853756
-0.00858182
-0.00862852
-0.00867834
-0.00872816
-0.00878215
-0.0088344
-0.00889376
-0.00894977
-0.00901331
-0.009075
-0.00914052
-0.00920992
-0.00927616
-0.00935253
-0.00942154
-0.00949997
-0.00957481
-0.00964671
-0.00972514
-0.00977669
-0.00979942
-0.00978067
-0.00376824
-0.00396557
-0.00381595
-0.00372217
-0.00406651
-0.00467722
-0.00515981
-0.00532757
-0.00534147
-0.00553545
-0.00595981
-0.00633414
-0.00639726
-0.00636358
-0.00662548
-0.00691993
-0.00693879
-0.00698482
-0.00717974
-0.00732586
-0.00742165
-0.00753916
-0.00766727
-0.00776924
-0.00782191
-0.00786575
-0.00794307
-0.00804033
-0.00812398
-0.00816923
-0.0081912
-0.00823892
-0.00830894
-0.00836206
-0.00839522
-0.0084367
-0.00848646
-0.00853486
-0.00857968
-0.00862678
-0.008677
-0.00872713
-0.00878141
-0.00883383
-0.00889337
-0.00894947
-0.00901313
-0.00907487
-0.00914045
-0.00920992
-0.00927617
-0.00935265
-0.00942167
-0.00950023
-0.00957516
-0.00964715
-0.00972573
-0.00977731
-0.00980014
-0.0097816
-0.00379942
-0.00404087
-0.00391
-0.00376159
-0.00403904
-0.00464249
-0.00516196
-0.00534047
-0.00531788
-0.00547773
-0.00590934
-0.00630384
-0.00637388
-0.00632779
-0.00658002
-0.00689331
-0.00692161
-0.00695695
-0.00715275
-0.00730183
-0.00739565
-0.007514
-0.00764135
-0.00774736
-0.00780961
-0.00785321
-0.00792305
-0.00802096
-0.00811233
-0.00816143
-0.00818191
-0.0082289
-0.00830117
-0.00835658
-0.00839047
-0.00843229
-0.00848285
-0.00853209
-0.00857747
-0.00862498
-0.00867562
-0.00872608
-0.00878063
-0.00883324
-0.00889297
-0.00894917
-0.00901294
-0.00907474
-0.00914038
-0.00920992
-0.00927618
-0.00935277
-0.00942181
-0.00950049
-0.00957552
-0.00964759
-0.00972634
-0.00977795
-0.00980085
-0.00978253
-0.00382051
-0.00410911
-0.00400835
-0.00381699
-0.00401565
-0.00459552
-0.00515477
-0.00536065
-0.00530955
-0.00541996
-0.00584977
-0.00627651
-0.00635633
-0.00629193
-0.00653225
-0.00686521
-0.00690592
-0.0069289
-0.00712468
-0.00727905
-0.00736959
-0.00748863
-0.0076162
-0.00772382
-0.00779569
-0.00784225
-0.00790428
-0.00800034
-0.00809952
-0.00815392
-0.00817302
-0.00821863
-0.00829303
-0.00835099
-0.0083857
-0.00842779
-0.00847913
-0.00852925
-0.00857522
-0.00862314
-0.00867419
-0.00872498
-0.00877983
-0.00883263
-0.00889254
-0.00894885
-0.00901273
-0.00907461
-0.0091403
-0.00920992
-0.00927619
-0.0093529
-0.00942195
-0.00950076
-0.00957588
-0.00964803
-0.00972694
-0.00977858
-0.00980157
-0.00978346
-0.00382324
-0.00416816
-0.00410665
-0.00388769
-0.00400295
-0.00453903
-0.00513406
-0.00538287
-0.0053179
-0.00536879
-0.00577894
-0.00624716
-0.00634727
-0.00625794
-0.00648124
-0.00683507
-0.00689197
-0.00690137
-0.00709489
-0.00725739
-0.0073441
-0.00746257
-0.00759204
-0.00769937
-0.00777953
-0.0078323
-0.00788738
-0.00797886
-0.00808523
-0.00814652
-0.00816467
-0.00820819
-0.00828446
-0.00834527
-0.00838093
-0.00842321
-0.0084753
-0.00852632
-0.00857291
-0.00862126
-0.00867272
-0.00872386
-0.008779
-0.00883199
-0.0088921
-0.00894852
-0.00901252
-0.00907447
-0.00914021
-0.00920992
-0.0092762
-0.00935303
-0.00942209
-0.00950103
-0.00957626
-0.00964848
-0.00972756
-0.00977923
-0.00980228
-0.00978439
-0.00380118
-0.0042139
-0.00420188
-0.00397016
-0.00400641
-0.00447849
-0.00509725
-0.00540135
-0.00534084
-0.00533124
-0.00569888
-0.00620945
-0.00634729
-0.00622927
-0.0064264
-0.00680185
-0.00687984
-0.00687529
-0.00706297
-0.00723626
-0.00731994
-0.00743556
-0.00756864
-0.00767488
-0.00776083
-0.00782256
-0.00787277
-0.00795705
-0.0080692
-0.00813899
-0.00815701
-0.00819768
-0.00827544
-0.00833939
-0.00837617
-0.00841857
-0.00847136
-0.00852332
-0.00857055
-0.00861932
-0.0086712
-0.00872269
-0.00877814
-0.00883134
-0.00889164
-0.00894818
-0.0090123
-0.00907432
-0.00914012
-0.00920992
-0.0092762
-0.00935317
-0.00942224
-0.00950131
-0.00957664
-0.00964894
-0.00972818
-0.00977988
-0.00980299
-0.0097853
-0.00375587
-0.00423998
-0.00429169
-0.00406014
-0.0040287
-0.00442091
-0.0050442
-0.00541054
-0.00537349
-0.00531273
-0.00561584
-0.00615715
-0.00635362
-0.00621025
-0.00636822
-0.00676402
-0.00686926
-0.00685169
-0.00702896
-0.00721477
-0.00729779
-0.00740773
-0.00754544
-0.00765119
-0.00773981
-0.00781209
-0.00786058
-0.00793562
-0.00805131
-0.00813097
-0.00815011
-0.00818728
-0.00826595
-0.00833329
-0.00837144
-0.00841389
-0.0084673
-0.00852024
-0.00856815
-0.00861734
-0.00866964
-0.0087215
-0.00877725
-0.00883066
-0.00889116
-0.00894783
-0.00901206
-0.00907417
-0.00914002
-0.00920992
-0.00927621
-0.0093533
-0.00942239
-0.00950159
-0.00957704
-0.00964939
-0.0097288
-0.00978053
-0.0098037
-0.00978622
-0.00369856
-0.00424021
-0.00437258
-0.00415414
-0.00406906
-0.00437368
-0.00497773
-0.005406
-0.00540977
-0.00531513
-0.00553817
-0.0060866
-0.00636027
-0.00620485
-0.00630891
-0.00671977
-0.00685948
-0.00683156
-0.00699339
-0.00719183
-0.00727797
-0.0073796
-0.00752169
-0.00762891
-0.00771709
-0.00779992
-0.00785059
-0.00791535
-0.00803163
-0.00812208
-0.00814399
-0.00817717
-0.008256
-0.00832692
-0.00836675
-0.00840918
-0.00846314
-0.00851707
-0.00856569
-0.00861532
-0.00866804
-0.00872026
-0.00877633
-0.00882996
-0.00889066
-0.00894747
-0.00901181
-0.00907402
-0.00913992
-0.00920992
-0.00927621
-0.00935344
-0.00942255
-0.00950187
-0.00957744
-0.00964985
-0.00972942
-0.00978118
-0.0098044
-0.00978712
-0.00364711
-0.00421325
-0.00443847
-0.00424932
-0.0041243
-0.00434299
-0.00490331
-0.0053851
-0.00544332
-0.00533591
-0.00547479
-0.00599906
-0.0063594
-0.00621508
-0.00625258
-0.00666758
-0.00684908
-0.00681573
-0.00695727
-0.00716644
-0.00726034
-0.00735208
-0.00749675
-0.00760818
-0.00769359
-0.00778531
-0.00784218
-0.00789703
-0.0080105
-0.00811187
-0.00813856
-0.00816756
-0.00824561
-0.00832022
-0.00836208
-0.00840449
-0.00845888
-0.00851382
-0.0085632
-0.00861325
-0.0086664
-0.008719
-0.00877539
-0.00882924
-0.00889014
-0.00894709
-0.00901155
-0.00907386
-0.00913981
-0.00920991
-0.00927622
-0.00935357
-0.00942272
-0.00950215
-0.00957784
-0.00965031
-0.00973005
-0.00978184
-0.0098051
-0.00978802
-0.00361733
-0.00416546
-0.0044817
-0.00434242
-0.00419046
-0.00433235
-0.00482797
-0.00534727
-0.0054686
-0.0053692
-0.00543299
-0.00590112
-0.00634264
-0.00623933
-0.00620462
-0.00660698
-0.00683596
-0.00680459
-0.00692199
-0.00713793
-0.0072442
-0.00732622
-0.00747025
-0.00758864
-0.00767039
-0.00776791
-0.00783449
-0.00788127
-0.00798843
-0.00809993
-0.0081336
-0.00815869
-0.00823489
-0.00831312
-0.00835744
-0.00839983
-0.00845452
-0.00851049
-0.00856066
-0.00861116
-0.00866472
-0.0087177
-0.00877442
-0.0088285
-0.00888961
-0.0089467
-0.00901128
-0.00907369
-0.00913969
-0.00920991
-0.00927622
-0.00935371
-0.00942289
-0.00950243
-0.00957826
-0.00965077
-0.00973068
-0.0097825
-0.0098058
-0.0097889
-0.0036138
-0.00410838
-0.00449612
-0.00442867
-0.00426387
-0.00434206
-0.0047593
-0.00529433
-0.00548182
-0.00540787
-0.00541595
-0.0058024
-0.00630354
-0.00627193
-0.00617072
-0.00653934
-0.00681755
-0.00679789
-0.0068891
-0.00710617
-0.00722842
-0.00730294
-0.00744229
-0.00756954
-0.00764848
-0.00774791
-0.00782647
-0.00786838
-0.00796618
-0.008086
-0.0081288
-0.00815073
-0.00822398
-0.00830556
-0.00835278
-0.00839524
-0.0084501
-0.00850706
-0.00855807
-0.00860903
-0.008663
-0.00871637
-0.00877342
-0.00882774
-0.00888905
-0.0089463
-0.009011
-0.00907352
-0.00913957
-0.0092099
-0.00927623
-0.00935384
-0.00942306
-0.00950271
-0.00957868
-0.00965123
-0.00973131
-0.00978316
-0.00980649
-0.00978977
-0.00362923
-0.00405498
-0.00448105
-0.00450172
-0.00434098
-0.00436973
-0.00470408
-0.00523027
-0.00548113
-0.00544484
-0.00542166
-0.00571374
-0.00624037
-0.00630454
-0.00615528
-0.0064682
-0.00679125
-0.00679459
-0.00686009
-0.00707169
-0.00721168
-0.00728277
-0.00741351
-0.00754996
-0.00762854
-0.00772597
-0.00781704
-0.00785825
-0.00794459
-0.00806999
-0.00812375
-0.00814381
-0.00821306
-0.0082975
-0.00834806
-0.00839075
-0.00844561
-0.00850355
-0.00855545
-0.00860687
-0.00866125
-0.00871501
-0.0087724
-0.00882696
-0.00888848
-0.00894588
-0.00901071
-0.00907335
-0.00913945
-0.00920989
-0.00927624
-0.00935398
-0.00942324
-0.00950299
-0.0095791
-0.00965169
-0.00973193
-0.00978382
-0.00980717
-0.00979063
-0.00365205
-0.00401509
-0.00444294
-0.00455519
-0.00441791
-0.00441129
-0.004667
-0.00516061
-0.00546632
-0.00547457
-0.00544386
-0.00564468
-0.00615744
-0.00632761
-0.00615955
-0.00639885
-0.00675517
-0.0067928
-0.00683615
-0.00703565
-0.00719275
-0.00726566
-0.00738494
-0.00752906
-0.00761077
-0.00770312
-0.00780535
-0.00785038
-0.00792456
-0.00805206
-0.00811798
-0.00813797
-0.00820235
-0.00828892
-0.00834322
-0.00838638
-0.00844111
-0.00849994
-0.00855279
-0.00860469
-0.00865947
-0.00871362
-0.00877136
-0.00882617
-0.00888789
-0.00894546
-0.00901041
-0.00907316
-0.00913932
-0.00920988
-0.00927624
-0.00935411
-0.00942343
-0.00950326
-0.00957952
-0.00965215
-0.00973255
-0.00978448
-0.00980784
-0.00979148
-0.00367404
-0.0039919
-0.00439264
-0.00458513
-0.00449027
-0.00446217
-0.00464986
-0.00509175
-0.00543857
-0.00549396
-0.00547461
-0.00560071
-0.0060638
-0.0063325
-0.00618058
-0.00633743
-0.00670894
-0.00678997
-0.00681787
-0.00699959
-0.00717078
-0.00725094
-0.00735778
-0.00750634
-0.00759482
-0.0076805
-0.00779091
-0.00784396
-0.00790684
-0.00803265
-0.008111
-0.0081331
-0.00819212
-0.00827986
-0.0083382
-0.00838214
-0.00843661
-0.00849626
-0.00855008
-0.0086025
-0.00865766
-0.00871221
-0.00877029
-0.00882535
-0.00888729
-0.00894502
-0.00901009
-0.00907297
-0.00913918
-0.00920987
-0.00927625
-0.00935424
-0.00942361
-0.00950354
-0.00957995
-0.00965261
-0.00973316
-0.00978514
-0.0098085
-0.00979231
-0.00369435
-0.00398286
-0.00434217
-0.00459199
-0.00455354
-0.00451765
-0.00465165
-0.00503
-0.00540026
-0.00550228
-0.00550597
-0.00558185
-0.00597039
-0.0063141
-0.00621169
-0.00628966
-0.00665424
-0.0067833
-0.00680504
-0.00696523
-0.00714553
-0.00723751
-0.00733311
-0.00748181
-0.00757991
-0.00765921
-0.00777378
-0.007838
-0.00789192
-0.00801238
-0.00810244
-0.00812899
-0.00818261
-0.00827039
-0.00833292
-0.00837804
-0.00843215
-0.0084925
-0.00854734
-0.00860029
-0.00865583
-0.00871077
-0.00876921
-0.00882453
-0.00888667
-0.00894458
-0.00900977
-0.00907278
-0.00913904
-0.00920985
-0.00927626
-0.00935436
-0.00942381
-0.00950381
-0.00958038
-0.00965307
-0.00973376
-0.00978579
-0.00980915
-0.00979312
-0.00371863
-0.00398356
-0.00430094
-0.00458065
-0.0046039
-0.00457324
-0.004669
-0.0049805
-0.00535472
-0.00550031
-0.00553176
-0.00558324
-0.00588801
-0.00627268
-0.00624434
-0.00625918
-0.00659478
-0.00677031
-0.00679658
-0.00693412
-0.00711748
-0.00722403
-0.00731161
-0.00745599
-0.00756509
-0.00764003
-0.00775453
-0.00783143
-0.00787992
-0.00799205
-0.00809207
-0.00812532
-0.00817403
-0.00826067
-0.0083273
-0.00837405
-0.00842778
-0.00848868
-0.00854455
-0.00859808
-0.00865399
-0.00870931
-0.00876811
-0.00882369
-0.00888604
-0.00894412
-0.00900944
-0.00907258
-0.0091389
-0.00920982
-0.00927627
-0.00935448
-0.009424
-0.00950407
-0.0095808
-0.00965352
-0.00973435
-0.00978644
-0.00980979
-0.0097939
-0.0037538
-0.00399085
-0.00427321
-0.00455826
-0.00463929
-0.00462512
-0.00469729
-0.00494636
-0.00530601
-0.00548956
-0.00554877
-0.00559745
-0.00582447
-0.00621369
-0.00626978
-0.00624639
-0.00653547
-0.00674952
-0.0067907
-0.00690742
-0.00708769
-0.00720932
-0.00729339
-0.00742986
-0.00754949
-0.0076233
-0.00773407
-0.00782336
-0.00787056
-0.0079725
-0.00807986
-0.00812168
-0.0081665
-0.00825087
-0.00832131
-0.00837015
-0.00842353
-0.00848483
-0.00854172
-0.00859586
-0.00865214
-0.00870784
-0.00876699
-0.00882283
-0.0088854
-0.00894366
-0.0090091
-0.00907237
-0.00913875
-0.00920979
-0.00927628
-0.0093546
-0.0094242
-0.00950433
-0.00958122
-0.00965398
-0.00973493
-0.00978708
-0.00981042
-0.00979467
-0.00380318
-0.00400392
-0.00425856
-0.00453223
-0.00466001
-0.00467045
-0.00473149
-0.00492817
-0.00525852
-0.00547178
-0.00555663
-0.00561671
-0.00578273
-0.00614563
-0.00628117
-0.00624824
-0.00648149
-0.00672089
-0.0067852
-0.00688559
-0.0070576
-0.00719252
-0.007278
-0.00740454
-0.00753251
-0.00760882
-0.00771345
-0.00781321
-0.00786324
-0.00795451
-0.00806606
-0.00811765
-0.00816007
-0.00824122
-0.00831494
-0.00836629
-0.00841943
-0.00848096
-0.00853885
-0.00859365
-0.00865029
-0.00870636
-0.00876586
-0.00882197
-0.00888475
-0.00894319
-0.00900875
-0.00907216
-0.0091386
-0.00920976
-0.00927629
-0.00935471
-0.00942439
-0.00950459
-0.00958164
-0.00965442
-0.0097355
-0.00978771
-0.00981103
-0.00979542
-0.00386449
-0.00402347
-0.00425425
-0.00450832
-0.00466846
-0.0047075
-0.00476694
-0.0049242
-0.00521634
-0.00544889
-0.00555674
-0.00563445
-0.00576093
-0.00607773
-0.00627549
-0.00625926
-0.00643704
-0.006686
-0.00677795
-0.00686835
-0.00702868
-0.0071734
-0.00726456
-0.00738107
-0.007514
-0.00759601
-0.00769371
-0.00780086
-0.00785718
-0.00793868
-0.0080511
-0.00811284
-0.00815465
-0.00823194
-0.00830819
-0.00836241
-0.00841552
-0.00847712
-0.00853595
-0.00859145
-0.00864845
-0.00870487
-0.00876472
-0.00882111
-0.00888409
-0.00894271
-0.0090084
-0.00907194
-0.00913845
-0.00920972
-0.0092763
-0.00935481
-0.00942459
-0.00950484
-0.00958204
-0.00965486
-0.00973605
-0.00978833
-0.00981162
-0.00979613
-0.00393124
-0.00405007
-0.00425736
-0.00448979
-0.00466806
-0.00473572
-0.00480007
-0.00493116
-0.00518254
-0.00542294
-0.00555108
-0.0056467
-0.00575402
-0.00601793
-0.00625395
-0.00627306
-0.00640438
-0.00664766
-0.00676732
-0.00685481
-0.00700222
-0.00715232
-0.00725203
-0.00736017
-0.00749428
-0.00758411
-0.00767566
-0.00778665
-0.00785153
-0.0079253
-0.00803557
-0.00810696
-0.00815007
-0.00822327
-0.00830116
-0.00835846
-0.00841179
-0.00847333
-0.00853303
-0.00858925
-0.00864663
-0.00870338
-0.00876358
-0.00882024
-0.00888342
-0.00894222
-0.00900804
-0.00907172
-0.00913829
-0.00920968
-0.00927631
-0.00935491
-0.00942478
-0.00950509
-0.00958244
-0.0096553
-0.00973658
-0.00978893
-0.0098122
-0.00979683
-0.00399583
-0.00408304
-0.00426592
-0.00447762
-0.00466248
-0.00475562
-0.00482878
-0.00494511
-0.00515865
-0.00539611
-0.00554153
-0.00565228
-0.00575599
-0.00597107
-0.00622102
-0.00628381
-0.00638338
-0.0066092
-0.00675259
-0.00684365
-0.00697903
-0.0071301
-0.00723945
-0.00734212
-0.00747405
-0.00757236
-0.00765974
-0.00777123
-0.00784551
-0.00791432
-0.00802013
-0.00809989
-0.00814607
-0.00821536
-0.00829396
-0.00835438
-0.00840826
-0.00846965
-0.0085301
-0.00858707
-0.00864483
-0.00870191
-0.00876243
-0.00881937
-0.00888276
-0.00894174
-0.00900768
-0.00907149
-0.00913814
-0.00920963
-0.00927631
-0.009355
-0.00942497
-0.00950532
-0.00958282
-0.00965572
-0.00973709
-0.00978952
-0.00981276
-0.00979749
-0.00405241
-0.0041203
-0.0042789
-0.00447152
-0.00465491
-0.00476843
-0.00485224
-0.00496226
-0.00514454
-0.00537062
-0.0055296
-0.005652
-0.00576131
-0.00593832
-0.00618252
-0.00628758
-0.00637186
-0.00657376
-0.00673404
-0.00683351
-0.00695939
-0.00710783
-0.00722617
-0.00732674
-0.00745417
-0.00756023
-0.007646
-0.00775539
-0.00783859
-0.00790547
-0.00800544
-0.00809169
-0.00814237
-0.00820835
-0.00828673
-0.00835014
-0.00840491
-0.0084661
-0.00852718
-0.00858491
-0.00864307
-0.00870045
-0.0087613
-0.0088185
-0.00888209
-0.00894125
-0.00900731
-0.00907126
-0.00913798
-0.00920957
-0.00927632
-0.00935508
-0.00942515
-0.00950555
-0.00958319
-0.00965613
-0.00973758
-0.00979009
-0.0098133
-0.00979812
-0.00409803
-0.00415887
-0.00429567
-0.00447073
-0.00464774
-0.00477578
-0.00487051
-0.0049796
-0.00513877
-0.00534837
-0.00551646
-0.00564761
-0.00576596
-0.00591791
-0.00614412
-0.00628306
-0.00636661
-0.0065436
-0.00671282
-0.0068232
-0.00694306
-0.00708657
-0.00721199
-0.00731352
-0.00743545
-0.00754749
-0.00763416
-0.00773995
-0.00783053
-0.00789827
-0.00799205
-0.00808259
-0.00813866
-0.00820226
-0.00827966
-0.00834576
-0.00840172
-0.00846273
-0.00852429
-0.00858276
-0.00864135
-0.00869902
-0.00876017
-0.00881764
-0.00888143
-0.00894076
-0.00900695
-0.00907102
-0.00913782
-0.00920951
-0.00927633
-0.00935516
-0.00942532
-0.00950577
-0.00958354
-0.00965654
-0.00973805
-0.00979063
-0.00981382
-0.00979872
-0.0041326
-0.00419571
-0.00431538
-0.00447438
-0.00464244
-0.00477937
-0.00488423
-0.00499527
-0.00513919
-0.00533067
-0.00550304
-0.00564085
-0.00576798
-0.00590659
-0.00611015
-0.00627127
-0.00636423
-0.00651975
-0.00669058
-0.00681204
-0.00692947
-0.0070672
-0.00719712
-0.00730184
-0.00741852
-0.00753425
-0.00762377
-0.00772559
-0.00782143
-0.00789218
-0.00798031
-0.00807294
-0.00813472
-0.00819706
-0.00827293
-0.00834126
-0.00839867
-0.00845957
-0.00852147
-0.00858066
-0.00863968
-0.00869762
-0.00875906
-0.00881679
-0.00888078
-0.00894028
-0.00900659
-0.00907079
-0.00913766
-0.00920945
-0.00927633
-0.00935523
-0.00942549
-0.00950598
-0.00958387
-0.00965692
-0.0097385
-0.00979114
-0.00981431
-0.00979928
-0.00415794
-0.0042286
-0.00433679
-0.00448161
-0.00463979
-0.00478081
-0.00489428
-0.00500844
-0.00514351
-0.00531804
-0.00549024
-0.00563312
-0.00576706
-0.00590092
-0.00608293
-0.00625467
-0.00636195
-0.00650202
-0.00666902
-0.00679991
-0.00691792
-0.00705027
-0.0071821
-0.00729115
-0.00740374
-0.00752089
-0.00761437
-0.00771277
-0.00781162
-0.00788665
-0.00797034
-0.00806315
-0.00813039
-0.00819261
-0.00826668
-0.00833668
-0.00839573
-0.00845665
-0.00851877
-0.00857862
-0.00863808
-0.00869628
-0.00875798
-0.00881597
-0.00888013
-0.0089398
-0.00900623
-0.00907055
-0.0091375
-0.00920937
-0.00927633
-0.00935529
-0.00942564
-0.00950618
-0.00958418
-0.00965729
-0.00973891
-0.00979163
-0.00981477
-0.00979981
-0.00417662
-0.00425646
-0.00435845
-0.00449151
-0.00463997
-0.00478144
-0.00490159
-0.00501906
-0.00514972
-0.00531027
-0.0054789
-0.00562539
-0.00576387
-0.00589802
-0.00606292
-0.00623619
-0.00635813
-0.00648941
-0.00664957
-0.00678716
-0.00690775
-0.00703595
-0.00716762
-0.00728105
-0.0073912
-0.00750796
-0.00760562
-0.00770176
-0.00780168
-0.00788132
-0.00796209
-0.00805369
-0.00812568
-0.00818875
-0.00826099
-0.0083321
-0.00839284
-0.00845392
-0.00851618
-0.00857664
-0.00863656
-0.00869501
-0.00875696
-0.00881519
-0.00887954
-0.00893936
-0.00900591
-0.00907033
-0.00913736
-0.00920931
-0.00927633
-0.00935535
-0.00942578
-0.00950636
-0.00958447
-0.00965763
-0.0097393
-0.00979208
-0.0098152
-0.0098003
-0.00419114
-0.00427937
-0.00437911
-0.0045031
-0.00464277
-0.00478228
-0.00490706
-0.00502749
-0.00515639
-0.00530655
-0.00546967
-0.00561836
-0.0057595
-0.00589598
-0.00604926
-0.00621842
-0.00635236
-0.00648054
-0.00663314
-0.00677447
-0.00689851
-0.00702414
-0.00715434
-0.00727143
-0.0073807
-0.00749601
-0.00759735
-0.00769253
-0.00779216
-0.00787608
-0.00795542
-0.00804498
-0.00812074
-0.00818541
-0.00825597
-0.00832764
-0.00839003
-0.00845139
-0.00851367
-0.00857465
-0.00863501
-0.0086937
-0.00875588
-0.00881435
-0.00887887
-0.00893885
-0.00900552
-0.00907006
-0.00913718
-0.00920921
-0.00927631
-0.00935538
-0.0094259
-0.00950653
-0.00958473
-0.00965795
-0.00973965
-0.00979249
-0.0098156
-0.00980074
-0.00420338
-0.00429815
-0.00439797
-0.00451547
-0.00464767
-0.00478393
-0.00491152
-0.0050344
-0.00516278
-0.00530586
-0.00546286
-0.00561244
-0.00575505
-0.00589393
-0.00604041
-0.00620315
-0.00634519
-0.00647409
-0.00662002
-0.00676258
-0.00689003
-0.00701454
-0.00714271
-0.0072624
-0.00737201
-0.00748544
-0.00758964
-0.00768492
-0.00778351
-0.00787105
-0.00795018
-0.00803738
-0.0081159
-0.00818267
-0.00825189
-0.00832369
-0.0083876
-0.00844937
-0.00851163
-0.00857303
-0.00863381
-0.00869271
-0.00875506
-0.00881372
-0.00887839
-0.00893849
-0.00900525
-0.00906988
-0.00913706
-0.00920915
-0.00927631
-0.00935543
-0.00942602
-0.00950668
-0.00958496
-0.00965824
-0.00973997
-0.00979287
-0.00981596
-0.00980114
-0.00421448
-0.0043138
-0.0044148
-0.00452798
-0.00465412
-0.00478669
-0.00491559
-0.0050405
-0.00516893
-0.00530741
-0.0054586
-0.00560792
-0.0057514
-0.00589209
-0.00603501
-0.00619113
-0.00633767
-0.00646918
-0.00660999
-0.00675201
-0.00688223
-0.00700661
-0.00713269
-0.00725382
-0.00736446
-0.00747605
-0.00758208
-0.00767821
-0.00777547
-0.00786562
-0.00794548
-0.00803039
-0.00811062
-0.00817967
-0.00824798
-0.00831959
-0.00838483
-0.00844712
-0.00850938
-0.00857115
-0.00863235
-0.00869149
-0.00875405
-0.00881292
-0.00887777
-0.00893801
-0.00900489
-0.00906963
-0.00913688
-0.00920905
-0.00927627
-0.00935544
-0.0094261
-0.0095068
-0.00958516
-0.0096585
-0.00974026
-0.0097932
-0.00981627
-0.0098015
-0.00422529
-0.00432731
-0.0044298
-0.00454045
-0.00466199
-0.00479101
-0.00492014
-0.00504664
-0.00517546
-0.00531121
-0.00545758
-0.00560587
-0.00574992
-0.00589182
-0.00603324
-0.00618388
-0.00633217
-0.00646683
-0.00660434
-0.00674492
-0.00687706
-0.00700191
-0.00712621
-0.00724783
-0.00735967
-0.00746973
-0.00757667
-0.00767394
-0.0077699
-0.00786167
-0.00794259
-0.00802555
-0.00810658
-0.00817767
-0.00824541
-0.00831661
-0.00838286
-0.00844565
-0.00850785
-0.00856983
-0.00863133
-0.00869063
-0.00875331
-0.00881232
-0.00887729
-0.00893764
-0.0090046
-0.00906942
-0.00913674
-0.00920897
-0.00927625
-0.00935545
-0.00942617
-0.00950691
-0.00958532
-0.00965871
-0.0097405
-0.00979348
-0.00981654
-0.00980182
-0.00423205
-0.00433625
-0.00444035
-0.00454982
-0.00466817
-0.00479405
-0.00492252
-0.00504994
-0.00517916
-0.00531356
-0.00545634
-0.00560315
-0.00574729
-0.00588976
-0.00603103
-0.00617771
-0.00632577
-0.00646323
-0.00659919
-0.00673805
-0.00687112
-0.00699681
-0.00711995
-0.00724145
-0.00735458
-0.0074637
-0.00757097
-0.00766959
-0.00776459
-0.00785727
-0.0079396
-0.00802124
-0.0081025
-0.0081754
-0.00824301
-0.00831377
-0.00838077
-0.00844412
-0.00850639
-0.0085686
-0.00863042
-0.0086899
-0.00875271
-0.00881186
-0.00887693
-0.00893737
-0.0090044
-0.00906928
-0.00913665
-0.00920891
-0.00927623
-0.00935545
-0.00942622
-0.00950699
-0.00958546
-0.00965889
-0.00974069
-0.00979369
-0.00981673
-0.00980204
-0.00424563
-0.00435006
-0.00445479
-0.00456386
-0.00468059
-0.00480438
-0.00493164
-0.00505906
-0.00518819
-0.00532198
-0.00546263
-0.00560769
-0.00575128
-0.00589322
-0.00603453
-0.00617917
-0.0063256
-0.00646417
-0.00659982
-0.00673728
-0.00686997
-0.00699584
-0.0071183
-0.00723899
-0.00735258
-0.00746124
-0.00756817
-0.00766744
-0.00776177
-0.00785416
-0.00793734
-0.00801821
-0.00809896
-0.00817295
-0.00824079
-0.00831117
-0.00837859
-0.00844243
-0.00850479
-0.00856713
-0.00862917
-0.00868882
-0.00875176
-0.00881107
-0.00887628
-0.00893685
-0.00900398
-0.00906897
-0.00913642
-0.00920876
-0.00927614
-0.00935541
-0.00942621
-0.00950702
-0.00958555
-0.00965904
-0.00974089
-0.00979391
-0.00981691
-0.0098023
)
;

boundaryField
{
    zeroGradientPlanes
    {
        type            zeroGradient;
    }
    inlet
    {
        type            zeroGradient;
    }
    plate
    {
        type            zeroGradient;
    }
    frontAndBack
    {
        type            empty;
    }
}


// ************************************************************************* //
