/*--------------------------------*- C++ -*----------------------------------*\
| =========                 |                                                 |
| \\      /  F ield         | OpenFOAM: The Open Source CFD Toolbox           |
|  \\    /   O peration     | Version:  v2012                                 |
|   \\  /    A nd           | Website:  www.openfoam.com                      |
|    \\/     M anipulation  |                                                 |
\*---------------------------------------------------------------------------*/
FoamFile
{
    version     2.0;
    format      ascii;
    class       volScalarField;
    location    "0.5";
    object      p;
}
// * * * * * * * * * * * * * * * * * * * * * * * * * * * * * * * * * * * * * //

dimensions      [0 2 -2 0 0 0 0];


internalField   nonuniform List<scalar> 
8000
(
3.14629e-11
0.000847534
0.00066417
0.000761882
0.00063149
0.00102515
0.00113021
0.000842167
0.000951541
0.000987797
0.00106266
0.001453
0.00140469
0.00167914
0.00195319
0.00333752
0.00356831
0.00476998
0.00585248
0.00790847
6.79968e-07
0.000846506
0.000665864
0.00076256
0.00063335
0.00102126
0.00112751
0.000840418
0.00095656
0.000985387
0.00108813
0.00144652
0.00143155
0.00167344
0.0019657
0.00325423
0.00357971
0.00473011
0.00585403
0.00768282
2.02896e-06
0.000845475
0.000667732
0.000763021
0.000635793
0.00101499
0.00112417
0.000840171
0.000959991
0.000982747
0.00109586
0.00143723
0.00144825
0.00166421
0.0019778
0.00320531
0.00359135
0.00468785
0.00583619
0.00742079
4.33665e-06
0.000844748
0.000669003
0.000763167
0.000639158
0.00100744
0.00112045
0.00084131
0.000962655
0.000978966
0.00110308
0.00142665
0.00146883
0.00165335
0.00199292
0.0031573
0.00359868
0.00464469
0.00579296
0.00717747
7.64939e-06
0.000844015
0.000669591
0.000763046
0.000643683
0.000998857
0.00111638
0.000843314
0.000964957
0.0009746
0.00111045
0.00141535
0.00149327
0.00164049
0.00201129
0.00310918
0.00360265
0.00459839
0.00572937
0.00695385
1.17029e-05
0.000843052
0.000669685
0.000762687
0.00064905
0.000989569
0.00111243
0.000845461
0.000967341
0.000969839
0.00111812
0.00140382
0.00151643
0.00162642
0.0020291
0.00306141
0.00360276
0.00454844
0.00565136
0.00674328
1.61927e-05
0.000841799
0.000669539
0.000762108
0.000654915
0.000979991
0.00110892
0.000847398
0.000970061
0.000964626
0.00112626
0.00139203
0.00153965
0.00161195
0.00204497
0.00301621
0.00359694
0.004496
0.0055615
0.00654001
2.09252e-05
0.000840274
0.000669386
0.000761331
0.000661094
0.000970329
0.00110585
0.000848971
0.000973317
0.000958958
0.00113488
0.00138007
0.00156282
0.00159715
0.00205877
0.00297499
0.00358346
0.00444197
0.00546097
0.0063408
2.58183e-05
0.000838518
0.000669382
0.00076036
0.000667486
0.000960599
0.00110319
0.000850133
0.000976997
0.000952866
0.00114394
0.00136821
0.00158528
0.00158259
0.00206992
0.00293756
0.00356155
0.00438684
0.00535081
0.00614402
3.08558e-05
0.000836557
0.000669604
0.000759173
0.000674047
0.00095078
0.0011009
0.000850861
0.000981103
0.000946419
0.00115333
0.00135669
0.00160648
0.00156913
0.00207703
0.00290364
0.0035316
0.00433014
0.00523225
0.005949
3.60488e-05
0.000834389
0.000670082
0.000757749
0.000680766
0.000940852
0.00109895
0.000851135
0.000985564
0.000939723
0.00116285
0.00134577
0.00162592
0.00155739
0.0020792
0.00287343
0.00349411
0.00427045
0.00510703
0.00575545
4.14162e-05
0.000831996
0.000670831
0.000756071
0.000687643
0.0009308
0.00109728
0.000850953
0.000990279
0.000932913
0.00117221
0.00133588
0.00164301
0.00154779
0.00207608
0.00284689
0.00344943
0.00420649
0.00497724
0.00556306
4.69775e-05
0.000829349
0.000671863
0.000754124
0.000694672
0.000920615
0.00109586
0.000850354
0.000995099
0.000926186
0.0011811
0.00132739
0.00165721
0.00154053
0.00206713
0.00282774
0.00339839
0.00413731
0.00484453
0.00537154
5.27519e-05
0.000826416
0.000673189
0.000751897
0.000701847
0.000910299
0.00109466
0.000849401
0.000999846
0.000919807
0.00118909
0.00132066
0.00166812
0.00153569
0.00204465
0.00280708
0.0033423
0.00406195
0.00471
0.00518099
5.87587e-05
0.000823165
0.000674818
0.000749383
0.000709156
0.000899861
0.0010936
0.000848159
0.00100433
0.000914082
0.00119581
0.001316
0.00167547
0.00153332
0.00202383
0.00278705
0.00328257
0.00397958
0.00457431
0.00499187
6.50174e-05
0.000819562
0.000676758
0.00074658
0.00071658
0.000889328
0.00109263
0.000846768
0.00100832
0.000909299
0.0012009
0.00131361
0.0016791
0.00153322
0.00199817
0.00276649
0.00322045
0.0038897
0.00443788
0.00480483
7.15482e-05
0.000815576
0.000679012
0.000743494
0.000724096
0.000878744
0.00109163
0.000845453
0.00101157
0.000905732
0.00120413
0.00131352
0.00167902
0.00153492
0.00196813
0.00274403
0.00315707
0.00379228
0.00430082
0.00462042
7.8372e-05
0.000811174
0.00068158
0.000740133
0.000731673
0.000868171
0.00109048
0.000844399
0.00101383
0.000903613
0.00120532
0.00131567
0.0016754
0.00153767
0.00193474
0.00271833
0.0030932
0.00368786
0.00416302
0.00443911
8.55091e-05
0.000806329
0.000684456
0.00073652
0.000739264
0.000857693
0.00108907
0.000843772
0.00101483
0.000903066
0.00120438
0.00131989
0.00166852
0.00154058
0.00189907
0.00268821
0.00302919
0.00357742
0.00402427
0.00426124
9.29779e-05
0.000801018
0.000687626
0.00073269
0.000746811
0.000847397
0.00108726
0.000843753
0.00101437
0.000904173
0.00120138
0.00132586
0.00165891
0.00154282
0.00186199
0.00265271
0.00296502
0.00346216
0.00388435
0.00408705
0.000100796
0.000795222
0.000691069
0.000728685
0.00075424
0.000837398
0.00108489
0.00084453
0.00101231
0.000906946
0.00119651
0.00133305
0.00164733
0.00154331
0.00182405
0.00261137
0.00290053
0.00334327
0.00374309
0.0039167
0.000108977
0.000788931
0.000694754
0.000724553
0.000761463
0.000827836
0.00108177
0.000846239
0.00100861
0.000911245
0.00119011
0.00134079
0.00163452
0.00154123
0.00178546
0.00256415
0.00283541
0.00322177
0.00360041
0.00375028
0.000117532
0.000782143
0.000698642
0.000720356
0.000768388
0.000818848
0.00107779
0.000848956
0.00100327
0.000916862
0.00118264
0.00134833
0.00162112
0.00153605
0.00174621
0.00251135
0.0027693
0.00309856
0.00345633
0.0035878
0.000126469
0.00077487
0.000702678
0.000716172
0.000774908
0.000810558
0.00107285
0.000852681
0.000996409
0.000923456
0.00117463
0.00135497
0.00160753
0.00152741
0.00170605
0.00245347
0.00270193
0.00297438
0.00331092
0.00342916
0.000135788
0.000767137
0.000706792
0.000712089
0.000780903
0.000803057
0.00106685
0.000857404
0.000988248
0.000930538
0.0011667
0.00136021
0.00159391
0.00151529
0.00166456
0.00239092
0.00263305
0.0028499
0.00316431
0.00327421
0.000145482
0.000758983
0.000710911
0.000708192
0.000786282
0.000796403
0.00105976
0.000863018
0.000979099
0.000937641
0.00115934
0.00136362
0.00158017
0.0014999
0.00162135
0.00232405
0.0025625
0.0027257
0.00301673
0.00312278
0.000155536
0.000750469
0.000714954
0.000704555
0.000790933
0.000790652
0.00105163
0.000869325
0.00096929
0.00094431
0.00115281
0.00136493
0.00156609
0.00148154
0.00157609
0.00225313
0.0024902
0.00260224
0.00286837
0.00297475
0.000165929
0.000741665
0.000718836
0.000701245
0.000794659
0.000785824
0.00104253
0.000876126
0.000955844
0.000950126
0.00114725
0.00136411
0.0015513
0.00146063
0.00152856
0.00217819
0.00241606
0.00247992
0.00271944
0.00282998
0.000176626
0.000732651
0.000722486
0.000698321
0.000797653
0.000781878
0.00103261
0.000883198
0.000945723
0.000954839
0.0011427
0.00136127
0.00153535
0.00143742
0.00147839
0.00209922
0.00234011
0.00235922
0.00257017
0.00268826
0.000187585
0.000723522
0.000725834
0.000695814
0.000799853
0.000778747
0.001022
0.000890296
0.000935916
0.000958325
0.00113911
0.00135658
0.00151781
0.00141201
0.00142604
0.00201632
0.00226245
0.00224073
0.0024208
0.00254918
0.00019876
0.000714383
0.000728814
0.000693732
0.000801251
0.000776322
0.00101084
0.000897213
0.000926488
0.000960529
0.00113627
0.00135023
0.00149835
0.0013844
0.00137163
0.0019296
0.00218308
0.00212511
0.00227166
0.00241219
0.000210097
0.000705337
0.00073139
0.000692053
0.000801925
0.000774488
0.000999273
0.000903788
0.000917541
0.000961409
0.00113397
0.00134238
0.00147675
0.00135446
0.00131539
0.00183924
0.00210173
0.00201286
0.0021234
0.0022769
0.000221529
0.000696474
0.000733565
0.000690724
0.000801997
0.000773145
0.000987413
0.000909903
0.000909113
0.000960925
0.00113198
0.00133316
0.00145281
0.00132141
0.00125769
0.00174551
0.0020179
0.00190428
0.00197687
0.00214307
0.000232994
0.00068788
0.000735355
0.000689677
0.000801541
0.000772203
0.000975328
0.000915482
0.000901275
0.000959017
0.00113003
0.00132271
0.0014264
0.00128668
0.00119893
0.00164887
0.00193118
0.00179952
0.00183301
0.00201055
0.000244439
0.000679627
0.000736797
0.000688836
0.000800592
0.000771603
0.000963063
0.000920401
0.000894109
0.000955668
0.00112777
0.0013112
0.00139747
0.00124931
0.00113943
0.00154995
0.00184137
0.00169856
0.00169271
0.00187927
0.000255805
0.000671744
0.000737988
0.000688144
0.000799161
0.000771317
0.000950629
0.000924493
0.000887686
0.000950917
0.00112491
0.00129868
0.00136607
0.00120912
0.00107936
0.00144947
0.00174839
0.00160118
0.00155678
0.00174938
0.000267049
0.000664236
0.000739037
0.00068756
0.000797246
0.000771337
0.000938065
0.000927593
0.000882018
0.000944843
0.00112111
0.00128509
0.00133235
0.00116611
0.0010188
0.00134806
0.00165227
0.00150704
0.00142598
0.00162119
0.000278136
0.000657089
0.000740049
0.000687066
0.000794831
0.000771659
0.000925441
0.000929486
0.000877109
0.000937621
0.00111595
0.00127032
0.00129659
0.00112032
0.000957823
0.00124635
0.00155307
0.00141579
0.00130101
0.00149504
0.000289034
0.000650251
0.000741125
0.000686713
0.000791839
0.000772251
0.000912863
0.000929963
0.000872993
0.000929427
0.00110913
0.0012544
0.00125906
0.00107172
0.000896475
0.00114494
0.00145087
0.00132697
0.00118255
0.00137148
0.00029974
0.000643624
0.00074233
0.000686662
0.000788102
0.000773028
0.000900517
0.000928885
0.000869629
0.000920429
0.00110048
0.00123718
0.00121998
0.00102038
0.000834833
0.00104454
0.00134583
0.0012399
0.00107115
0.00125124
0.00031027
0.000637081
0.000743698
0.000687152
0.000783488
0.000773846
0.000888619
0.000926122
0.000870741
0.000910784
0.00108983
0.00121842
0.00117961
0.00096651
0.000772838
0.000945869
0.00123844
0.00115374
0.000966939
0.00113516
0.000320645
0.000630519
0.000745227
0.000688437
0.000778022
0.000774444
0.000877367
0.000921548
0.000866789
0.000900552
0.0010771
0.00119805
0.00113256
0.000910179
0.000710234
0.000849642
0.00112964
0.00106785
0.00086953
0.00102383
0.000330896
0.000623866
0.0007468
0.000690758
0.000771643
0.00077445
0.000866882
0.000915243
0.000862077
0.000889788
0.00106237
0.00117622
0.00109016
0.000851503
0.000646554
0.000756555
0.00102074
0.000981841
0.000778125
0.0009174
0.000341064
0.000617068
0.000748248
0.00069431
0.000764472
0.000773492
0.000857144
0.000907431
0.000856251
0.00087843
0.00104581
0.00115285
0.00104748
0.000790897
0.000581083
0.000666807
0.000913358
0.000895922
0.000691879
0.000815525
0.00035118
0.000610137
0.000749304
0.000699189
0.000756938
0.000771254
0.000847968
0.000898427
0.000849056
0.000866191
0.00102761
0.00112785
0.00100483
0.000729222
0.000513294
0.000579542
0.000808665
0.000811219
0.000610598
0.00071749
0.000361247
0.000603144
0.000749573
0.000705353
0.000749445
0.00076754
0.000839011
0.000888499
0.000840364
0.000852697
0.00100781
0.00110114
0.000962332
0.000667407
0.000443304
0.000493569
0.000706503
0.000728883
0.000535463
0.000623005
0.000371264
0.000596192
0.0007486
0.000712612
0.000741636
0.000762342
0.000829771
0.000877749
0.000830192
0.00083758
0.00098629
0.00107326
0.000920196
0.000606223
0.000371945
0.000408572
0.000606002
0.000648467
0.000468242
0.000533106
0.000381225
0.000589396
0.000746254
0.000720642
0.000732587
0.000755824
0.00081963
0.000866133
0.00081872
0.000820786
0.000962781
0.00104418
0.000878572
0.000546112
0.000299836
0.000325268
0.000507085
0.000567907
0.00040918
0.000450073
0.000391114
0.000582894
0.000742373
0.000728971
0.000730536
0.000748465
0.000808028
0.000853387
0.000806195
0.000802372
0.000936915
0.00101373
0.000837728
0.000487563
0.000226944
0.00024392
0.000411339
0.000485331
0.000356059
0.000376377
0.000400886
0.000576933
0.000736914
0.000736944
0.000732181
0.000741073
0.000794664
0.000838969
0.000792733
0.000782704
0.000908522
0.000981598
0.000797742
0.000431389
0.000153464
0.000163522
0.000320842
0.000400615
0.000304927
0.000313299
0.000410475
0.000571602
0.000730013
0.00074389
0.0007367
0.000734583
0.00077951
0.000822172
0.000778155
0.000762436
0.000877806
0.000947381
0.000758353
0.000378275
8.04044e-05
8.24648e-05
0.000236527
0.000315873
0.000251661
0.000259577
0.00041978
0.000567041
0.000721936
0.000749171
0.00074309
0.000729806
0.000762835
0.00080231
0.000761996
0.000742079
0.000845422
0.000910903
0.000719074
0.000328582
9.28503e-06
-6.9228e-07
0.000157549
0.000234952
0.000194082
0.00021166
0.000428696
0.000563335
0.00071301
0.000752195
0.000750537
0.000727508
0.000745409
0.000778864
0.000743419
0.000721797
0.000812549
0.000872392
0.00067924
0.000282433
-5.78977e-05
-8.6709e-05
8.11787e-05
0.000161637
0.000133318
0.000165289
0.000437127
0.000560523
0.00070346
0.000752517
0.000757979
0.000728171
0.000728402
0.000751679
0.00072122
0.000701278
0.000780202
0.000832499
0.000638484
0.000239219
-0.000118975
-0.000174685
3.03038e-06
9.71396e-05
7.38962e-05
0.000117513
0.000445007
0.000558589
0.000694246
0.00074998
0.000764288
0.000731863
0.000713015
0.000721037
0.000694276
0.000679988
0.000749013
0.000792514
0.000597228
0.000197443
-0.000172661
-0.000261006
-8.12058e-05
3.83078e-05
2.15151e-05
6.90089e-05
0.000452299
0.000557422
0.000685703
0.000744628
0.000768571
0.00073822
0.000700401
0.000687797
0.000661769
0.000656573
0.000719009
0.000753806
0.000556589
0.000155864
-0.000219529
-0.000340878
-0.000172547
-2.13497e-05
-2.13778e-05
2.40948e-05
0.000458991
0.000556871
0.000678045
0.000736775
0.000769955
0.00074631
0.000691519
0.000653531
0.000623377
0.000629216
0.000689766
0.000717117
0.000518033
0.000114385
-0.000261851
-0.000410701
-0.000267101
-8.83771e-05
-5.82141e-05
-1.27359e-05
0.000465108
0.000556735
0.000671419
0.000727036
0.000767652
0.000754741
0.000686904
0.000620229
0.000579288
0.000596476
0.00066034
0.00068228
0.000482877
7.41089e-05
-0.000302058
-0.000469337
-0.000358335
-0.000165529
-9.61322e-05
-4.04986e-05
0.000470707
0.000556779
0.000665872
0.000716141
0.000761246
0.00076201
0.000686662
0.000589636
0.000530305
0.000557257
0.000629273
0.000649036
0.000451886
3.67719e-05
-0.000341686
-0.000518208
-0.000440628
-0.000249342
-0.000141583
-6.30693e-05
0.000475879
0.000556763
0.000661376
0.000704825
0.000750656
0.00076666
0.000690393
0.000563276
0.000478362
0.000511028
0.000594905
0.000616472
0.000425164
4.53446e-06
-0.000381347
-0.000560342
-0.000510404
-0.000332737
-0.000196662
-8.66487e-05
0.000480713
0.000556497
0.000657621
0.000693769
0.00073601
0.000767345
0.000696982
0.000542541
0.000425817
0.000457742
0.000555626
0.000582957
0.00040192
-2.05286e-05
-0.00042003
-0.000598961
-0.000567148
-0.00040924
-0.000257917
-0.000116414
0.000485325
0.000555767
0.000654392
0.000683512
0.000717801
0.000763034
0.000704813
0.00052818
0.000374938
0.000398236
0.000510443
0.00054682
0.000380362
-3.73865e-05
-0.0004553
-0.000635952
-0.000612285
-0.000475005
-0.000319287
-0.000153641
0.000489791
0.000554506
0.000651304
0.000674403
0.000696935
0.000753031
0.00071209
0.00052026
0.000327832
0.000334356
0.000459254
0.000506752
0.000357878
-4.61854e-05
-0.000484217
-0.000672295
-0.000647355
-0.000528524
-0.000376004
-0.000195887
0.000494143
0.000552726
0.000647809
0.000666652
0.00067474
0.000737042
0.000716846
0.000518379
0.000286659
0.000267773
0.000402023
0.000462821
0.000331576
-4.88282e-05
-0.000503366
-0.000708437
-0.000674869
-0.000568794
-0.000425642
-0.000239694
0.0004984
0.00055046
0.000643511
0.000660127
0.000652507
0.000715327
0.00071714
0.00052129
0.000253367
0.000200564
0.000338817
0.000415671
0.000300198
-4.94882e-05
-0.000510087
-0.0007431
-0.000698951
-0.000595263
-0.000466483
-0.000282018
0.000502538
0.000547785
0.000638156
0.000654515
0.000631104
0.000688518
0.000711576
0.000527008
0.000228709
0.00013591
0.000270051
0.000364844
0.000264842
-5.31338e-05
-0.000504661
-0.000772569
-0.000723823
-0.000609176
-0.000496077
-0.000320264
0.000506504
0.00054482
0.000631573
0.000649378
0.000611116
0.00065766
0.000699316
0.000533379
0.000212345
7.6914e-05
0.000197643
0.000309635
0.000227117
-6.30467e-05
-0.000490939
-0.000792083
-0.000752486
-0.000615144
-0.00051125
-0.000351012
0.000510212
0.000541672
0.000623707
0.000644195
0.000592869
0.000624188
0.000679992
0.00053833
0.000203786
2.50736e-05
0.00012462
0.000249935
0.000187543
-7.97178e-05
-0.000474998
-0.000798227
-0.000784583
-0.000620255
-0.000511123
-0.000369665
0.000513546
0.000538443
0.000614578
0.000638447
0.000576418
0.000589684
0.000653968
0.000539705
0.000202006
-1.901e-05
5.34206e-05
0.000186731
0.000146612
-0.000101544
-0.000463143
-0.000790845
-0.000815032
-0.000630899
-0.000500595
-0.000373118
0.000516409
0.00053519
0.000604273
0.000631685
0.000561673
0.00055527
0.000622085
0.000535666
0.000205361
-5.44781e-05
-1.46213e-05
0.000121227
0.000105047
-0.000125956
-0.00046027
-0.000774091
-0.000836252
-0.000649481
-0.000487624
-0.000362682
0.000518728
0.000531905
0.00059292
0.000623552
0.000548477
0.000521546
0.000585716
0.000525433
0.000211479
-8.08519e-05
-7.81155e-05
5.40153e-05
6.25813e-05
-0.000148888
-0.000467125
-0.000756336
-0.000843051
-0.000671491
-0.000478648
-0.000343768
0.000520432
0.000528536
0.000580711
0.000613734
0.000536552
0.000489064
0.000546039
0.00050916
0.000218067
-9.87337e-05
-0.000135476
-1.37476e-05
1.70814e-05
-0.000166731
-0.000478709
-0.000746984
-0.000837007
-0.00068774
-0.000476561
-0.000324363
0.000521449
0.00052503
0.000567839
0.000602021
0.000525494
0.00045841
0.00050394
0.000487029
0.000223678
-0.00010933
-0.00018602
-7.98187e-05
-3.33275e-05
-0.000180494
-0.000486522
-0.000749409
-0.000827849
-0.000691992
-0.000477167
-0.000310927
0.000521723
0.000521294
0.000554476
0.00058836
0.0005148
0.000430091
0.000460349
0.00045922
0.000227203
-0.000113594
-0.000229959
-0.000142188
-8.80947e-05
-0.000195404
-0.00048248
-0.000756714
-0.000827099
-0.000688142
-0.000472484
-0.000303167
0.000521216
0.000517195
0.000540839
0.000572801
0.000503894
0.000404527
0.000416259
0.000426075
0.00022751
-0.000112194
-0.000267456
-0.000200047
-0.000144524
-0.000216582
-0.0004661
-0.000757022
-0.000838221
-0.000688873
-0.000461793
-0.000294455
0.000519877
0.000512632
0.000527086
0.000555511
0.000492214
0.000381867
0.000372814
0.000388051
0.000223414
-0.000105944
-0.000298049
-0.000253368
-0.000199233
-0.00024601
-0.000444832
-0.000739818
-0.000851748
-0.000705016
-0.000456646
-0.000281608
0.000517673
0.000507509
0.000513297
0.000536812
0.000479205
0.000361859
0.000331299
0.000345919
0.000213778
-9.6056e-05
-0.00032113
-0.000302354
-0.00024933
-0.000282217
-0.000427089
-0.000704379
-0.000855138
-0.000733667
-0.000471685
-0.000271702
0.000514593
0.000501737
0.000499486
0.000517083
0.000464453
0.000343926
0.000292864
0.000301001
0.00019755
-8.41436e-05
-0.000335983
-0.00034739
-0.000293446
-0.000320997
-0.000418451
-0.000658835
-0.000840374
-0.000762326
-0.000509815
-0.000277256
0.000510607
0.000495282
0.000485574
0.000496753
0.00044779
0.000327312
0.000258373
0.000254996
0.000173999
-7.23552e-05
-0.000341777
-0.000388299
-0.000332031
-0.000357844
-0.000420799
-0.000611807
-0.000808969
-0.000778962
-0.00055941
-0.000305251
0.000505668
0.00048818
0.00047143
0.000476219
0.000429432
0.000311049
0.000228175
0.000209869
0.000143121
-6.32795e-05
-0.000338088
-0.000424216
-0.000366399
-0.000389536
-0.000432587
-0.000569688
-0.000767714
-0.00077925
-0.000605275
-0.000350942
0.000499726
0.000480512
0.000456968
0.000455652
0.000409946
0.000294175
0.000201593
0.000168003
0.000106158
-6.01256e-05
-0.00032508
-0.000453552
-0.000398564
-0.000414095
-0.000451027
-0.000536235
-0.00072167
-0.000766861
-0.000636152
-0.000402563
0.000492728
0.000472372
0.0004422
0.000434999
0.000389911
0.000276304
0.000177233
0.000131396
6.63102e-05
-6.66751e-05
-0.000305108
-0.000472934
-0.000430796
-0.000431279
-0.000472644
-0.000513867
-0.000672695
-0.000746158
-0.000651412
-0.000449112
0.000484626
0.000463843
0.00042723
0.000414086
0.000369795
0.000257751
0.000153842
9.98859e-05
2.76955e-05
-8.44378e-05
-0.000283673
-0.000478247
-0.000462825
-0.00044342
-0.000492789
-0.000505199
-0.000623197
-0.000717246
-0.000655153
-0.000486441
0.000475391
0.000454967
0.000412298
0.000392696
0.000349843
0.000239198
0.000130628
7.15486e-05
-5.8634e-06
-0.000109833
-0.000268186
-0.000469347
-0.00049102
-0.000454083
-0.000507101
-0.000510493
-0.000579173
-0.000679133
-0.000648682
-0.000514336
0.000465041
0.000445694
0.000397766
0.000370747
0.000329905
0.00022128
0.000107672
4.45259e-05
-3.33303e-05
-0.00013753
-0.000263981
-0.000451447
-0.000510358
-0.000465532
-0.000513058
-0.000525398
-0.000548437
-0.000634588
-0.000631083
-0.00053159
0.000453669
0.000435901
0.00038398
0.000348422
0.000309579
0.000204345
8.58764e-05
1.75932e-05
-5.69965e-05
-0.00016202
-0.00026989
-0.000432233
-0.000518302
-0.00047784
-0.000510755
-0.000541225
-0.00053559
-0.000591511
-0.000604303
-0.000536369
0.000441462
0.000425435
0.000371143
0.000326122
0.000288536
0.000188273
6.6083e-05
-8.88747e-06
-7.99188e-05
-0.000180602
-0.000280111
-0.000419494
-0.000517254
-0.000488792
-0.00050301
-0.000550086
-0.000538119
-0.000558378
-0.000573802
-0.000530149
0.000428688
0.000414155
0.000359254
0.000304391
0.000266627
0.000172699
4.84058e-05
-3.31268e-05
-0.000103957
-0.000196429
-0.000288567
-0.00041401
-0.00051268
-0.000496485
-0.000492955
-0.000546962
-0.000547667
-0.000540361
-0.000546697
-0.000518048
0.000415646
0.000401975
0.000348116
0.000283875
0.000243923
0.000157395
3.22139e-05
-5.39617e-05
-0.000127612
-0.000213785
-0.00029236
-0.000410123
-0.000510848
-0.000502074
-0.000482944
-0.000531217
-0.000554529
-0.000537415
-0.000529365
-0.000507106
0.000402656
0.000388935
0.000337396
0.000265195
0.00022069
0.000142325
1.70013e-05
-7.21092e-05
-0.00014762
-0.000235103
-0.000295996
-0.000401813
-0.000511597
-0.000508908
-0.000475504
-0.000507177
-0.000550039
-0.000542457
-0.000524472
-0.000503682
0.000389987
0.000375208
0.000326717
0.000248799
0.000197321
0.000127341
3.14349e-06
-8.94805e-05
-0.000162052
-0.000257387
-0.000305219
-0.000386573
-0.000508904
-0.000519955
-0.000473541
-0.000481777
-0.000531365
-0.000546595
-0.000529354
-0.000509864
0.000377837
0.00036109
0.000315709
0.00023495
0.000174487
0.000111839
-8.4671e-06
-0.000107308
-0.000172139
-0.000275391
-0.000324192
-0.000370474
-0.000495923
-0.000532429
-0.000480013
-0.000461834
-0.000503007
-0.000542151
-0.000539064
-0.000523809
0.000366349
0.00034703
0.000304087
0.000223455
0.000153277
9.51886e-05
-1.7508e-05
-0.000125277
-0.000181519
-0.000284548
-0.000349843
-0.000362106
-0.000470013
-0.000539106
-0.000494558
-0.000453387
-0.000473642
-0.000526122
-0.000546928
-0.000542116
0.000355584
0.000333542
0.000291931
0.000213776
0.000134688
7.72446e-05
-2.42929e-05
-0.000141325
-0.000193959
-0.000284493
-0.000374088
-0.000369888
-0.000439255
-0.000531865
-0.000510814
-0.000457069
-0.000451721
-0.0005022
-0.000546541
-0.000559495
0.00034564
0.000321016
0.00027947
0.000205406
0.000119602
5.81793e-05
-3.03174e-05
-0.000152454
-0.000211167
-0.000281263
-0.000388168
-0.000391464
-0.000416537
-0.000511441
-0.000521108
-0.000467972
-0.000440585
-0.000476765
-0.000535496
-0.000570588
0.000336579
0.000309929
0.000267171
0.000197498
0.000108654
3.9548e-05
-3.81768e-05
-0.000157619
-0.000229641
-0.000281055
-0.000388378
-0.000416726
-0.000411178
-0.000487129
-0.00052285
-0.000481264
-0.000438778
-0.000453125
-0.00051385
-0.000570183
0.000328491
0.000300488
0.000255869
0.000189647
0.000100774
2.33327e-05
-4.83248e-05
-0.000159103
-0.000245637
-0.000287817
-0.000380093
-0.000434104
-0.000418878
-0.000465124
-0.000518804
-0.000501928
-0.000453846
-0.000439959
-0.000484147
-0.000555373
0.000321632
0.000292696
0.000246141
0.00018253
9.53012e-05
9.93766e-06
-5.97149e-05
-0.000158122
-0.000257616
-0.000301244
-0.000369888
-0.000441861
-0.000434044
-0.000441976
-0.000489031
-0.000506696
-0.000487031
-0.000470648
-0.000496275
-0.00055579
0.000316092
0.000286736
0.000238299
0.000176309
9.24385e-05
5.72496e-07
-7.17714e-05
-0.000155477
-0.000260978
-0.000317414
-0.000362339
-0.000438874
-0.000458713
-0.000449071
-0.000474189
-0.00049741
-0.000487139
-0.000463455
-0.00047276
-0.000533557
0.000311879
0.000282039
0.000231765
0.000169037
8.78631e-05
-6.605e-06
-8.52082e-05
-0.000160745
-0.000262527
-0.000332444
-0.000367503
-0.00043333
-0.000467873
-0.000457075
-0.000468314
-0.000495187
-0.000502511
-0.000490504
-0.000494929
-0.000543496
0.0106515
0.00599046
-0.000360483
-0.00537287
-0.00694878
-0.00611993
-0.00487294
-0.00409785
-0.00378354
-0.00365647
-0.00356651
-0.00344711
-0.00334776
-0.00329622
-0.00320481
-0.00308938
-0.00299958
-0.00291911
-0.00285526
-0.00279036
-0.00269448
-0.00258728
-0.00251255
-0.00244831
-0.00233372
-0.00221517
-0.00214685
-0.00206013
-0.00192982
-0.00181175
-0.00170481
-0.00157207
-0.00140602
-0.00122755
-0.00104156
-0.000847691
-0.000644213
-0.000429106
-0.000196535
4.49216e-05
0.000292788
0.000554272
0.000820068
0.00109066
0.00136696
0.00165879
0.00195704
0.00226501
0.00258188
0.00290858
0.00324609
0.00359226
0.00394997
0.00431914
0.00469806
0.00508889
0.00549545
0.00589889
0.0063137
0.00674304
0.0101426
0.00589871
-0.00031731
-0.00529096
-0.00689574
-0.00609443
-0.00485679
-0.00408627
-0.00377516
-0.00365011
-0.00356145
-0.00344285
-0.00334408
-0.00329311
-0.00320214
-0.00308699
-0.00299748
-0.00291725
-0.00285361
-0.00278892
-0.00269321
-0.00258611
-0.00251148
-0.00244739
-0.0023329
-0.0022144
-0.00214617
-0.00205955
-0.0019293
-0.00181129
-0.00170443
-0.00157175
-0.00140575
-0.00122732
-0.00104137
-0.000847536
-0.000644086
-0.000429005
-0.000196453
4.4988e-05
0.000292839
0.000554311
0.000820099
0.00109068
0.00136698
0.0016588
0.00195705
0.00226501
0.00258188
0.00290858
0.00324609
0.00359226
0.00394997
0.00431914
0.00469806
0.00508889
0.00549545
0.0058989
0.00631371
0.00674306
0.00967533
0.00580873
-0.000219868
-0.00512899
-0.0067985
-0.00606023
-0.00484337
-0.0040764
-0.00376646
-0.00364277
-0.00355558
-0.00343821
-0.00334033
-0.00329003
-0.00319952
-0.00308473
-0.00299554
-0.00291554
-0.0028521
-0.00278763
-0.00269207
-0.00258508
-0.00251055
-0.00244658
-0.00233217
-0.00221372
-0.00214558
-0.00205904
-0.00192882
-0.00181087
-0.00170408
-0.00157146
-0.0014055
-0.00122711
-0.00104119
-0.00084739
-0.000643969
-0.000428912
-0.000196377
4.50511e-05
0.000292888
0.00055435
0.00082013
0.0010907
0.00136699
0.00165881
0.00195705
0.00226502
0.00258189
0.00290859
0.00324609
0.00359226
0.00394997
0.00431914
0.00469806
0.00508889
0.00549545
0.0058989
0.00631371
0.00674311
0.00924142
0.00572129
-9.52669e-05
-0.00492777
-0.00666869
-0.00601356
-0.0048251
-0.00406292
-0.00375451
-0.00363261
-0.00354729
-0.0034317
-0.00333517
-0.00328581
-0.00319596
-0.00308173
-0.002993
-0.0029133
-0.00285012
-0.00278593
-0.00269063
-0.0025838
-0.00250939
-0.00244555
-0.00233125
-0.00221288
-0.00214485
-0.00205837
-0.0019282
-0.00181032
-0.00170361
-0.00157106
-0.00140515
-0.00122681
-0.00104094
-0.000847184
-0.000643803
-0.00042878
-0.000196269
4.51416e-05
0.00029296
0.000554408
0.000820175
0.00109074
0.00136702
0.00165883
0.00195707
0.00226503
0.00258189
0.00290859
0.00324609
0.00359226
0.00394997
0.00431914
0.00469806
0.00508889
0.00549545
0.00589891
0.00631373
0.00674317
0.00882152
0.00562584
3.30093e-05
-0.00471758
-0.00652813
-0.0059612
-0.00480464
-0.00404732
-0.00374
-0.00361974
-0.00353638
-0.0034229
-0.00332808
-0.00327985
-0.00319097
-0.00307766
-0.00298959
-0.00291023
-0.0028473
-0.00278349
-0.00268864
-0.00258212
-0.0025078
-0.00244407
-0.00232997
-0.00221178
-0.00214384
-0.00205741
-0.00192729
-0.00180951
-0.0017029
-0.00157043
-0.0014046
-0.00122634
-0.00104054
-0.000846852
-0.000643534
-0.000428565
-0.000196093
4.5289e-05
0.000293079
0.000554504
0.000820251
0.0010908
0.00136706
0.00165886
0.00195709
0.00226505
0.00258191
0.0029086
0.0032461
0.00359226
0.00394997
0.00431915
0.00469806
0.00508889
0.00549545
0.00589891
0.00631374
0.00674326
0.00841186
0.0055181
0.000158892
-0.0045052
-0.00638229
-0.00590596
-0.00478381
-0.00403124
-0.00372442
-0.00360555
-0.00352393
-0.0034125
-0.00331937
-0.00327223
-0.00318451
-0.00307247
-0.00298528
-0.0029063
-0.00284355
-0.00278016
-0.00268598
-0.00257993
-0.00250569
-0.00244202
-0.00232821
-0.00221031
-0.00214246
-0.00205603
-0.00192599
-0.00180833
-0.00170184
-0.00156948
-0.00140376
-0.0012256
-0.00103991
-0.00084632
-0.000643102
-0.000428219
-0.000195811
4.5527e-05
0.000293276
0.000554663
0.000820375
0.00109089
0.00136714
0.00165892
0.00195714
0.00226508
0.00258193
0.00290861
0.00324611
0.00359227
0.00394998
0.00431915
0.00469806
0.00508889
0.00549545
0.00589892
0.00631376
0.00674336
0.00801299
0.0053995
0.000282706
-0.00429083
-0.00623185
-0.00584823
-0.00476292
-0.00401506
-0.00370821
-0.00359062
-0.00351075
-0.00340132
-0.00330972
-0.00326347
-0.00317691
-0.00306637
-0.00298028
-0.0029017
-0.00283899
-0.00277594
-0.00268261
-0.00257723
-0.00250305
-0.00243936
-0.00232592
-0.00220842
-0.00214065
-0.0020542
-0.00192423
-0.00180671
-0.00170034
-0.00156812
-0.00140256
-0.00122454
-0.00103898
-0.000845521
-0.000642445
-0.000427692
-0.000195382
4.5888e-05
0.00029358
0.00055491
0.000820571
0.00109105
0.00136727
0.00165902
0.00195722
0.00226514
0.00258198
0.00290865
0.00324613
0.00359228
0.00394999
0.00431915
0.00469806
0.00508889
0.00549545
0.00589893
0.00631379
0.00674348
0.00762726
0.00527259
0.000404704
-0.00407494
-0.00607725
-0.00578799
-0.00474194
-0.00399884
-0.00369142
-0.00357504
-0.00349704
-0.00338968
-0.00329958
-0.00325406
-0.00316859
-0.00305962
-0.0029748
-0.00289669
-0.0028339
-0.00277105
-0.00267863
-0.00257408
-0.00249997
-0.00243617
-0.00232313
-0.00220612
-0.00213843
-0.00205192
-0.00192204
-0.00180464
-0.00169837
-0.00156632
-0.00140098
-0.00122314
-0.00103772
-0.000844417
-0.000641522
-0.000426946
-0.000194778
4.6395e-05
0.000294009
0.000555264
0.000820854
0.00109128
0.00136746
0.00165917
0.00195733
0.00226523
0.00258204
0.0029087
0.00324617
0.00359231
0.00395
0.00431916
0.00469807
0.00508889
0.00549545
0.00589894
0.00631382
0.00674361
0.00725686
0.00513868
0.000523101
-0.00385883
-0.00591875
-0.00572486
-0.0047206
-0.00398259
-0.00367406
-0.00355879
-0.00348277
-0.00337761
-0.00328908
-0.00324428
-0.00315981
-0.00305242
-0.00296897
-0.00289141
-0.00282849
-0.00276573
-0.00267419
-0.00257057
-0.00249658
-0.00243262
-0.00231996
-0.00220347
-0.00213585
-0.00204927
-0.0019195
-0.00180219
-0.00169596
-0.0015641
-0.00139904
-0.00122142
-0.00103615
-0.000843015
-0.000640321
-0.000425963
-0.000193984
4.7057e-05
0.000294572
0.000555729
0.00082123
0.00109159
0.00136772
0.00165938
0.00195749
0.00226535
0.00258214
0.00290877
0.00324623
0.00359235
0.00395003
0.00431917
0.00469808
0.0050889
0.00549544
0.00589896
0.00631385
0.00674376
0.00690304
0.00499779
0.0006357
-0.00364321
-0.00575597
-0.00565825
-0.0046987
-0.00396644
-0.00365626
-0.00354187
-0.0034679
-0.00336509
-0.00327825
-0.00323419
-0.00315071
-0.00304489
-0.00296285
-0.00288594
-0.00282288
-0.00276012
-0.00266941
-0.00256678
-0.00249296
-0.00242882
-0.00231653
-0.00220054
-0.00213297
-0.00204634
-0.0019167
-0.00179946
-0.00169321
-0.0015615
-0.00139677
-0.00121944
-0.00103435
-0.000841365
-0.000638872
-0.000424755
-0.000193005
4.7868e-05
0.000295258
0.000556299
0.000821697
0.00109198
0.00136805
0.00165965
0.0019577
0.00226552
0.00258228
0.00290887
0.0032463
0.0035924
0.00395007
0.0043192
0.00469809
0.00508891
0.00549544
0.00589897
0.00631389
0.00674391
0.00656586
0.00484991
0.000741255
-0.0034281
-0.00558864
-0.00558791
-0.00467625
-0.00395057
-0.00363809
-0.00352423
-0.00345239
-0.00335208
-0.00326707
-0.00322381
-0.0031413
-0.00303707
-0.00295649
-0.00288027
-0.00281709
-0.0027543
-0.00266439
-0.00256278
-0.00248917
-0.00242484
-0.0023129
-0.00219742
-0.00212987
-0.00204318
-0.00191373
-0.00179655
-0.00169022
-0.00155862
-0.00139425
-0.00121726
-0.00103237
-0.000839532
-0.000637224
-0.000423353
-0.000191861
4.88108e-05
0.000296052
0.000556957
0.000822239
0.00109244
0.00136844
0.00165997
0.00195796
0.00226572
0.00258244
0.002909
0.0032464
0.00359247
0.00395012
0.00431923
0.00469811
0.00508892
0.00549543
0.00589899
0.00631393
0.00674408
0.00624479
0.00469582
0.000839238
-0.00321384
-0.005417
-0.00551378
-0.00465317
-0.00393506
-0.00361961
-0.00350585
-0.00343619
-0.00333856
-0.00325553
-0.00321314
-0.0031316
-0.00302896
-0.00294989
-0.00287441
-0.00281113
-0.00274828
-0.00265915
-0.0025586
-0.00248524
-0.00242072
-0.00230911
-0.00219414
-0.00212661
-0.00203986
-0.00191061
-0.00179351
-0.00168706
-0.00155553
-0.00139153
-0.00121492
-0.00103027
-0.000837573
-0.000635432
-0.000421801
-0.000190581
4.98629e-05
0.000296932
0.000557686
0.000822842
0.00109296
0.00136888
0.00166034
0.00195826
0.00226596
0.00258263
0.00290915
0.00324652
0.00359256
0.00395019
0.00431927
0.00469814
0.00508894
0.00549543
0.00589901
0.00631398
0.00674425
0.00593938
0.0045369
0.000928982
-0.00300133
-0.00524146
-0.00543563
-0.00462922
-0.00391997
-0.00360095
-0.00348673
-0.00341925
-0.00332449
-0.00324361
-0.00320217
-0.0031216
-0.00302057
-0.00294305
-0.00286835
-0.00280499
-0.00274207
-0.00265373
-0.00255425
-0.00248118
-0.00241646
-0.00230518
-0.00219073
-0.00212321
-0.00203639
-0.00190737
-0.00179036
-0.00168377
-0.00155228
-0.00138864
-0.00121246
-0.00102807
-0.000835523
-0.000633536
-0.000420135
-0.000189195
5.1002e-05
0.000297881
0.000558468
0.00082349
0.00109352
0.00136937
0.00166074
0.00195858
0.00226622
0.00258284
0.00290932
0.00324665
0.00359266
0.00395026
0.00431932
0.00469817
0.00508896
0.00549543
0.00589904
0.00631403
0.00674442
0.00564925
0.0043745
0.00100956
-0.00279157
-0.00506227
-0.00535311
-0.00460415
-0.00390539
-0.00358225
-0.00346691
-0.00340155
-0.00330984
-0.0032313
-0.00319088
-0.0031113
-0.0030119
-0.00293596
-0.00286208
-0.00279867
-0.00273567
-0.00264811
-0.00254974
-0.00247699
-0.00241207
-0.0023011
-0.0021872
-0.00211969
-0.00203279
-0.00190401
-0.00178712
-0.00168038
-0.0015489
-0.00138562
-0.00120989
-0.00102579
-0.0008334
-0.000631561
-0.000418384
-0.000187727
5.22102e-05
0.000298884
0.000559294
0.000824174
0.00109411
0.00136988
0.00166117
0.00195893
0.00226651
0.00258307
0.0029095
0.00324679
0.00359277
0.00395034
0.00431938
0.00469821
0.00508899
0.00549543
0.00589906
0.00631409
0.00674461
0.00537391
0.00420977
0.00108019
-0.00258539
-0.00487962
-0.00526591
-0.00457772
-0.0038914
-0.00356368
-0.0034464
-0.00338302
-0.00329459
-0.00321859
-0.00317928
-0.00310069
-0.00300295
-0.00292864
-0.00285561
-0.00279215
-0.00272907
-0.0026423
-0.00254508
-0.00247268
-0.00240753
-0.00229688
-0.00218354
-0.00211607
-0.00202907
-0.00190053
-0.00178379
-0.00167689
-0.0015454
-0.00138249
-0.00120722
-0.00102344
-0.00083121
-0.000629518
-0.000416562
-0.000186192
5.34748e-05
0.000299932
0.000560155
0.000824886
0.00109472
0.00137042
0.00166163
0.0019593
0.0022668
0.00258331
0.00290969
0.00324694
0.00359288
0.00395043
0.00431944
0.00469825
0.00508902
0.00549543
0.00589909
0.00631415
0.0067448
0.00511263
0.00404388
0.00114045
-0.00238358
-0.00469387
-0.00517378
-0.00454961
-0.00387801
-0.00354541
-0.00342527
-0.00336364
-0.00327868
-0.00320546
-0.00316735
-0.00308978
-0.00299371
-0.00292106
-0.00284892
-0.00278543
-0.00272228
-0.00263631
-0.00254027
-0.00246824
-0.00240286
-0.0022925
-0.00217977
-0.00211234
-0.00202523
-0.00189694
-0.00178035
-0.00167331
-0.00154181
-0.00137925
-0.00120446
-0.00102101
-0.000828954
-0.000627412
-0.000414679
-0.000184599
5.47882e-05
0.000301021
0.000561049
0.000825625
0.00109536
0.00137098
0.0016621
0.00195968
0.00226712
0.00258356
0.00290989
0.0032471
0.00359301
0.00395053
0.0043195
0.0046983
0.00508906
0.00549543
0.00589912
0.00631421
0.006745
0.00486463
0.00387807
0.00119014
-0.00218708
-0.00450551
-0.00507645
-0.00451944
-0.00386516
-0.00352762
-0.0034036
-0.00334337
-0.00326208
-0.00319188
-0.00315508
-0.00307854
-0.00298418
-0.00291324
-0.00284201
-0.00277851
-0.00271528
-0.00263013
-0.00253531
-0.00246367
-0.00239804
-0.00228798
-0.00217587
-0.0021085
-0.00202128
-0.00189323
-0.00177681
-0.00166963
-0.00153811
-0.00137592
-0.00120162
-0.0010185
-0.000826632
-0.000625244
-0.000412738
-0.000182954
5.61465e-05
0.000302147
0.000561974
0.000826389
0.00109602
0.00137156
0.00166259
0.00196008
0.00226744
0.00258382
0.0029101
0.00324727
0.00359313
0.00395063
0.00431957
0.00469834
0.00508909
0.00549544
0.00589916
0.00631428
0.00674521
0.00462918
0.00371357
0.00122926
-0.00199689
-0.00431505
-0.00497362
-0.00448676
-0.00385279
-0.00351051
-0.00338152
-0.00332219
-0.00324471
-0.00317783
-0.00314247
-0.00306698
-0.00297435
-0.00290516
-0.00283488
-0.00277137
-0.00270807
-0.00262375
-0.0025302
-0.00245897
-0.00239307
-0.0022833
-0.00217185
-0.00210456
-0.0020172
-0.0018894
-0.00177317
-0.00166585
-0.00153431
-0.00137249
-0.00119869
-0.00101592
-0.00082424
-0.000623014
-0.00041074
-0.000181259
5.7548e-05
0.000303309
0.000562929
0.000827178
0.0010967
0.00137215
0.00166309
0.00196049
0.00226777
0.00258409
0.00291032
0.00324744
0.00359326
0.00395073
0.00431964
0.00469839
0.00508913
0.00549544
0.00589919
0.00631436
0.00674542
0.00440554
0.00355146
0.00125795
-0.00181393
-0.00412306
-0.0048651
-0.00445115
-0.00384076
-0.00349423
-0.00335915
-0.00330008
-0.00322654
-0.00316327
-0.00312951
-0.00305509
-0.00296421
-0.00289682
-0.00282751
-0.00276402
-0.00270064
-0.00261718
-0.00252493
-0.00245414
-0.00238794
-0.00227846
-0.00216771
-0.00210051
-0.00201301
-0.00188545
-0.00176942
-0.00166197
-0.00153041
-0.00136897
-0.00119568
-0.00101327
-0.000821778
-0.000620719
-0.000408684
-0.000179513
5.89922e-05
0.000304508
0.000563916
0.000827993
0.0010974
0.00137277
0.00166361
0.00196091
0.00226811
0.00258437
0.00291054
0.00324762
0.0035934
0.00395083
0.00431972
0.00469844
0.00508917
0.00549545
0.00589923
0.00631444
0.00674564
0.00419294
0.0033927
0.00127666
-0.00163904
-0.00393025
-0.00475077
-0.00441216
-0.00382886
-0.00347894
-0.00333669
-0.00327707
-0.00320749
-0.00314817
-0.00311617
-0.00304286
-0.00295376
-0.00288821
-0.00281991
-0.00275643
-0.00269299
-0.00261041
-0.00251951
-0.00244917
-0.00238266
-0.00227345
-0.00216343
-0.00209636
-0.00200869
-0.00188138
-0.00176556
-0.00165799
-0.00152642
-0.00136535
-0.00119258
-0.00101053
-0.000819245
-0.00061836
-0.000406571
-0.000177716
6.04792e-05
0.000305744
0.000564934
0.000828832
0.00109812
0.0013734
0.00166415
0.00196135
0.00226847
0.00258465
0.00291077
0.0032478
0.00359354
0.00395094
0.00431979
0.00469849
0.00508921
0.00549545
0.00589927
0.00631453
0.00674587
0.0039907
0.00323813
0.00128603
-0.00147304
-0.00373744
-0.00463064
-0.00436929
-0.00381683
-0.00346475
-0.00331434
-0.00325317
-0.0031875
-0.00313248
-0.00310246
-0.00303029
-0.00294299
-0.00287932
-0.00281206
-0.00274861
-0.00268511
-0.00260343
-0.00251392
-0.00244407
-0.00237722
-0.00226827
-0.00215903
-0.00209209
-0.00200425
-0.00187717
-0.00176159
-0.00165391
-0.00152231
-0.00136163
-0.00118938
-0.00100771
-0.000816637
-0.000615934
-0.000404398
-0.000175868
6.20098e-05
0.000307018
0.000565985
0.000829698
0.00109886
0.00137405
0.0016647
0.0019618
0.00226883
0.00258495
0.00291101
0.00324799
0.00359368
0.00395105
0.00431987
0.00469855
0.00508925
0.00549546
0.00589931
0.00631462
0.00674611
0.00379815
0.00308848
0.00128688
-0.00131664
-0.00354551
-0.00450478
-0.00432208
-0.00380431
-0.00345176
-0.00329232
-0.00322846
-0.00316651
-0.00311613
-0.00308834
-0.00301737
-0.0029319
-0.00287015
-0.00280395
-0.00274055
-0.002677
-0.00259624
-0.00250817
-0.00243882
-0.0023716
-0.00226292
-0.00215449
-0.00208772
-0.00199968
-0.00187283
-0.0017575
-0.00164972
-0.00151811
-0.00135781
-0.0011861
-0.00100481
-0.000813952
-0.000613439
-0.000402165
-0.000173968
6.35846e-05
0.000308331
0.000567069
0.000830592
0.00109962
0.00137472
0.00166527
0.00196226
0.00226921
0.00258525
0.00291125
0.00324818
0.00359383
0.00395117
0.00431995
0.0046986
0.00508929
0.00549546
0.00589936
0.00631472
0.00674635
0.00361471
0.00294433
0.00128013
-0.00117042
-0.00335538
-0.00437347
-0.00427009
-0.0037909
-0.00343996
-0.00327089
-0.00320304
-0.00314447
-0.00309906
-0.00307379
-0.00300409
-0.00292048
-0.00286069
-0.00279559
-0.00273224
-0.00266864
-0.00258884
-0.00250225
-0.00243342
-0.00236581
-0.00225738
-0.00214981
-0.00208324
-0.00199499
-0.00186836
-0.00175329
-0.00164542
-0.00151379
-0.00135389
-0.00118273
-0.00100183
-0.00081119
-0.000610874
-0.00039987
-0.000172015
6.52049e-05
0.000309683
0.000568187
0.000831512
0.00110041
0.00137541
0.00166586
0.00196274
0.0022696
0.00258557
0.0029115
0.00324838
0.00359398
0.00395129
0.00432003
0.00469866
0.00508934
0.00549547
0.00589941
0.00631482
0.0067466
0.00343985
0.00280612
0.00126682
-0.00103474
-0.00316805
-0.00423715
-0.00421289
-0.0037761
-0.00342933
-0.00325028
-0.00317703
-0.00312135
-0.00308121
-0.00305877
-0.00299046
-0.00290873
-0.00285093
-0.00278695
-0.00272366
-0.00266003
-0.00258121
-0.00249616
-0.00242788
-0.00235985
-0.00225165
-0.00214499
-0.00207863
-0.00199016
-0.00186375
-0.00174896
-0.00164101
-0.00150937
-0.00134987
-0.00117927
-0.000998758
-0.000808348
-0.000608237
-0.000397512
-0.000170007
6.68718e-05
0.000311076
0.00056934
0.000832462
0.00110122
0.00137612
0.00166646
0.00196323
0.00226999
0.00258589
0.00291176
0.00324858
0.00359414
0.00395141
0.00432012
0.00469872
0.00508939
0.00549548
0.00589946
0.00631493
0.00674686
0.0032731
0.00267415
0.00124801
-0.000909792
-0.00298451
-0.00409644
-0.00415012
-0.00375936
-0.00341973
-0.00323075
-0.00315063
-0.00309713
-0.00306248
-0.00304325
-0.00297647
-0.00289666
-0.00284088
-0.00277804
-0.00271482
-0.00265116
-0.00257335
-0.00248989
-0.00242217
-0.0023537
-0.00224574
-0.00214002
-0.00207391
-0.00198519
-0.00185899
-0.00174451
-0.00163648
-0.00150484
-0.00134574
-0.0011757
-0.000995597
-0.000805423
-0.000605526
-0.000395088
-0.000167943
6.85864e-05
0.000312511
0.00057053
0.000833441
0.00110205
0.00137685
0.00166708
0.00196373
0.00227041
0.00258622
0.00291203
0.0032488
0.0035943
0.00395154
0.00432021
0.00469878
0.00508944
0.00549549
0.00589952
0.00631505
0.00674712
0.00311398
0.00254856
0.0012248
-0.000795531
-0.0028057
-0.00395212
-0.0040815
-0.00374012
-0.00341098
-0.00321249
-0.00312405
-0.00307182
-0.00304281
-0.00302717
-0.0029621
-0.00288425
-0.00283052
-0.00276884
-0.0027057
-0.00264203
-0.00256526
-0.00248343
-0.00241631
-0.00234735
-0.00223962
-0.00213491
-0.00206907
-0.00198008
-0.00185409
-0.00173993
-0.00163184
-0.00150019
-0.00134151
-0.00117204
-0.000992344
-0.000802414
-0.00060274
-0.000392599
-0.000165821
7.035e-05
0.000313989
0.000571757
0.00083445
0.00110291
0.0013776
0.00166773
0.00196425
0.00227083
0.00258656
0.00291231
0.00324901
0.00359447
0.00395167
0.0043203
0.00469884
0.00508949
0.0054955
0.00589958
0.00631518
0.00674739
0.00296217
0.00242937
0.00119822
-0.000691736
-0.00263253
-0.00380509
-0.00400684
-0.00371779
-0.00340279
-0.00319566
-0.00309755
-0.00304549
-0.00302211
-0.00301046
-0.00294732
-0.00287151
-0.00281985
-0.00275934
-0.0026963
-0.00263263
-0.00255693
-0.00247679
-0.00241028
-0.00234082
-0.0022333
-0.00212964
-0.0020641
-0.00197483
-0.00184904
-0.00173521
-0.00162708
-0.00149542
-0.00133716
-0.00116828
-0.000988997
-0.000799319
-0.000599877
-0.000390041
-0.000163641
7.21639e-05
0.000315512
0.000573022
0.00083549
0.0011038
0.00137837
0.00166839
0.00196479
0.00227127
0.00258692
0.00291259
0.00324924
0.00359464
0.0039518
0.00432039
0.0046989
0.00508954
0.00549552
0.00589964
0.00631532
0.00674767
0.00281742
0.00231651
0.00116922
-0.000598025
-0.00246581
-0.00365635
-0.00392612
-0.00369178
-0.00339477
-0.00318038
-0.00307139
-0.00301821
-0.00300032
-0.00299305
-0.00293213
-0.00285844
-0.00280888
-0.00274955
-0.0026866
-0.00262295
-0.00254836
-0.00246996
-0.00240409
-0.00233408
-0.00222677
-0.00212421
-0.00205901
-0.00196942
-0.00184383
-0.00173036
-0.0016222
-0.00149054
-0.0013327
-0.00116441
-0.000985554
-0.000796134
-0.000596934
-0.000387414
-0.000161401
7.40293e-05
0.00031708
0.000574326
0.000836562
0.00110471
0.00137917
0.00166907
0.00196534
0.00227172
0.00258728
0.00291288
0.00324947
0.00359482
0.00395194
0.00432049
0.00469897
0.0050896
0.00549553
0.00589971
0.00631546
0.00674796
0.00267954
0.00220983
0.0011387
-0.000513893
-0.00230627
-0.00350688
-0.00383946
-0.00366156
-0.00338648
-0.00316668
-0.00304588
-0.00299014
-0.00297741
-0.00297485
-0.00291646
-0.00284504
-0.00279761
-0.00273945
-0.0026766
-0.00261298
-0.00253953
-0.00246292
-0.00239772
-0.00232713
-0.00222003
-0.00211863
-0.00205378
-0.00196387
-0.00183846
-0.00172538
-0.0016172
-0.00148553
-0.00132813
-0.00116044
-0.000982012
-0.000792859
-0.00059391
-0.000384716
-0.0001591
7.59477e-05
0.000318695
0.000575672
0.000837667
0.00110565
0.00137999
0.00166977
0.00196591
0.00227218
0.00258766
0.00291319
0.00324971
0.003595
0.00395208
0.00432059
0.00469904
0.00508966
0.00549555
0.00589978
0.00631562
0.00674825
0.00254828
0.00210914
0.00110741
-0.000438737
-0.00215448
-0.00335765
-0.00374716
-0.00362665
-0.00337741
-0.00315449
-0.00302126
-0.00296145
-0.00295334
-0.00295578
-0.00290029
-0.0028313
-0.00278603
-0.00272904
-0.00266628
-0.00260271
-0.00253045
-0.00245569
-0.00239117
-0.00231998
-0.00221306
-0.00211287
-0.00204842
-0.00195816
-0.00183293
-0.00172025
-0.00161207
-0.0014804
-0.00132344
-0.00115636
-0.000978369
-0.000789491
-0.000590803
-0.000381944
-0.000156736
7.79203e-05
0.000320359
0.000577059
0.000838807
0.00110661
0.00138084
0.00167049
0.0019665
0.00227266
0.00258804
0.0029135
0.00324996
0.00359519
0.00395223
0.00432069
0.00469911
0.00508972
0.00549557
0.00589986
0.00631578
0.00674855
0.00242335
0.00201422
0.00107602
-0.000371875
-0.00201083
-0.00320962
-0.00364972
-0.00358668
-0.00336697
-0.00314366
-0.00299781
-0.00293236
-0.00292813
-0.00293574
-0.00288352
-0.0028172
-0.00277417
-0.00271832
-0.00265564
-0.00259214
-0.00252109
-0.00244824
-0.00238444
-0.0023126
-0.00220586
-0.00210695
-0.00204293
-0.00195228
-0.00182723
-0.00171498
-0.0016068
-0.00147515
-0.00131864
-0.00115217
-0.000974622
-0.000786027
-0.000587611
-0.000379099
-0.000154307
7.99486e-05
0.000322072
0.00057849
0.000839981
0.00110761
0.0013817
0.00167123
0.00196711
0.00227315
0.00258844
0.00291382
0.00325021
0.00359538
0.00395238
0.0043208
0.00469918
0.00508978
0.0054956
0.00589994
0.00631596
0.00674886
0.00230445
0.00192484
0.001045
-0.000312589
-0.00187553
-0.00306369
-0.00354781
-0.00354135
-0.00335458
-0.00313394
-0.00297572
-0.00290315
-0.00290184
-0.00291467
-0.00286611
-0.00280272
-0.00276201
-0.0027073
-0.00264468
-0.00258125
-0.00251147
-0.00244058
-0.00237752
-0.002305
-0.00219843
-0.00210085
-0.00203729
-0.00194625
-0.00182136
-0.00170956
-0.00160141
-0.00146977
-0.00131371
-0.00114787
-0.00097077
-0.000782466
-0.000584332
-0.000376177
-0.000151813
8.20338e-05
0.000323837
0.000579965
0.00084119
0.00110863
0.0013826
0.001672
0.00196773
0.00227365
0.00258885
0.00291415
0.00325047
0.00359558
0.00395253
0.00432091
0.00469925
0.00508985
0.00549562
0.00590003
0.00631615
0.00674918
0.00219118
0.00184074
0.0010147
-0.00026014
-0.00174862
-0.00292068
-0.00344219
-0.00349048
-0.00333963
-0.00312502
-0.00295515
-0.00287409
-0.00287459
-0.0028925
-0.00284794
-0.00278782
-0.00274956
-0.00269597
-0.00263338
-0.00257004
-0.00250156
-0.0024327
-0.00237041
-0.00229717
-0.00219075
-0.00209457
-0.00203151
-0.00194004
-0.00181531
-0.00170399
-0.00159589
-0.00146425
-0.00130865
-0.00114345
-0.000966809
-0.000778805
-0.000580964
-0.000373178
-0.000149252
8.41775e-05
0.000325654
0.000581485
0.000842437
0.00110968
0.00138352
0.00167279
0.00196837
0.00227418
0.00258927
0.00291449
0.00325074
0.00359579
0.00395269
0.00432102
0.00469933
0.00508992
0.00549565
0.00590012
0.00631635
0.00674951
0.00208309
0.00176169
0.000985418
-0.000213801
-0.00162998
-0.0027813
-0.00333376
-0.00343406
-0.00332155
-0.00311647
-0.00293617
-0.00284547
-0.00284651
-0.00286921
-0.00282895
-0.00277244
-0.0027368
-0.00268436
-0.00262176
-0.0025585
-0.00249136
-0.00242459
-0.0023631
-0.00228911
-0.00218283
-0.00208811
-0.00202558
-0.00193367
-0.00180908
-0.00169827
-0.00159022
-0.00145861
-0.00130347
-0.00113892
-0.000962737
-0.000775042
-0.000577505
-0.000370099
-0.000146622
8.63811e-05
0.000327524
0.000583052
0.000843722
0.00111077
0.00138447
0.0016736
0.00196903
0.00227471
0.00258971
0.00291484
0.00325102
0.003596
0.00395285
0.00432114
0.00469941
0.00508999
0.00549568
0.00590022
0.00631656
0.00674984
0.00197963
0.0016875
0.000957353
-0.000172897
-0.00151944
-0.00264619
-0.00322347
-0.00337224
-0.00329982
-0.00310783
-0.00291873
-0.00281757
-0.00281782
-0.0028448
-0.00280903
-0.00275652
-0.00272373
-0.00267245
-0.00260981
-0.00254663
-0.00248085
-0.00241624
-0.0023556
-0.00228081
-0.00217465
-0.00208145
-0.00201951
-0.00192711
-0.00180267
-0.00169239
-0.00158442
-0.00145283
-0.00129817
-0.00113426
-0.000958553
-0.000771174
-0.000573953
-0.000366939
-0.000143922
8.86459e-05
0.00032945
0.000584667
0.000845046
0.00111189
0.00138544
0.00167444
0.00196971
0.00227527
0.00259016
0.0029152
0.00325131
0.00359622
0.00395302
0.00432126
0.00469949
0.00509007
0.00549572
0.00590033
0.00631678
0.00675018
0.00188018
0.00161792
0.000930676
-0.000136767
-0.00141672
-0.00251587
-0.00311224
-0.00330534
-0.003274
-0.00309853
-0.00290269
-0.00279061
-0.00278874
-0.00281932
-0.00278811
-0.00273997
-0.00271032
-0.00266026
-0.00259754
-0.00253442
-0.00247004
-0.00240765
-0.00234789
-0.00227226
-0.00216621
-0.0020746
-0.00201328
-0.00192038
-0.00179606
-0.00168634
-0.00157848
-0.00144691
-0.00129273
-0.00112948
-0.000954252
-0.0007672
-0.000570306
-0.000363696
-0.00014115
9.09735e-05
0.000331433
0.000586332
0.000846409
0.00111304
0.00138645
0.0016753
0.00197041
0.00227584
0.00259062
0.00291558
0.0032516
0.00359645
0.0039532
0.00432138
0.00469957
0.00509014
0.00549575
0.00590044
0.00631702
0.00675053
0.00178413
0.00155269
0.000905518
-0.000104796
-0.00132152
-0.00239073
-0.00300096
-0.00323382
-0.00324376
-0.00308801
-0.00288782
-0.00276478
-0.00275953
-0.00279286
-0.00276615
-0.00272272
-0.00269651
-0.00264779
-0.00258496
-0.00252187
-0.0024589
-0.00239881
-0.00233997
-0.00226347
-0.0021575
-0.00206755
-0.00200689
-0.00191346
-0.00178926
-0.00168014
-0.00157239
-0.00144085
-0.00128715
-0.00112458
-0.000949834
-0.000763116
-0.000566562
-0.000360369
-0.000138305
9.33652e-05
0.000333473
0.000588048
0.000847814
0.00111422
0.00138748
0.00167619
0.00197114
0.00227643
0.00259109
0.00291596
0.00325191
0.00359668
0.00395337
0.00432151
0.00469966
0.00509023
0.0054958
0.00590056
0.00631728
0.0067509
0.00169085
0.00149151
0.000881935
-7.64336e-05
-0.00123351
-0.00227105
-0.00289041
-0.00315828
-0.00320885
-0.00307571
-0.00287382
-0.0027402
-0.00273048
-0.00276557
-0.0027431
-0.00270465
-0.00268225
-0.00263501
-0.00257209
-0.002509
-0.00244744
-0.00238969
-0.00233183
-0.00225442
-0.00214852
-0.00206029
-0.00200034
-0.00190636
-0.00178227
-0.00167376
-0.00156615
-0.00143464
-0.00128144
-0.00111955
-0.000945296
-0.000758922
-0.000562719
-0.000356955
-0.000135385
9.58226e-05
0.000335574
0.000589815
0.000849262
0.00111544
0.00138854
0.0016771
0.00197188
0.00227703
0.00259158
0.00291636
0.00325222
0.00359692
0.00395356
0.00432164
0.00469974
0.00509031
0.00549585
0.00590069
0.00631755
0.00675127
0.0015997
0.00143398
0.000859974
-5.11418e-05
-0.00115233
-0.002157
-0.00278126
-0.0030794
-0.00316918
-0.0030611
-0.0028603
-0.00271694
-0.00270182
-0.00273763
-0.00271897
-0.0026857
-0.00266748
-0.00262192
-0.00255892
-0.0024958
-0.00243565
-0.0023803
-0.00232347
-0.00224512
-0.00213926
-0.00205282
-0.00199363
-0.00189906
-0.00177507
-0.00166721
-0.00155977
-0.00142829
-0.0012756
-0.0011144
-0.000940635
-0.000754614
-0.000558776
-0.000353453
-0.000132389
9.83472e-05
0.000337735
0.000591637
0.000850752
0.0011167
0.00138964
0.00167805
0.00197264
0.00227766
0.00259208
0.00291677
0.00325254
0.00359716
0.00395375
0.00432178
0.00469983
0.0050904
0.0054959
0.00590082
0.00631784
0.00675165
0.00151019
0.00137973
0.000839651
-2.84274e-05
-0.00107759
-0.00204867
-0.00267408
-0.00299788
-0.00312482
-0.00304373
-0.00284686
-0.00269493
-0.0026738
-0.00270927
-0.00269383
-0.00266578
-0.00265209
-0.00260847
-0.00254545
-0.00248231
-0.00242354
-0.00237061
-0.00231488
-0.00223557
-0.00212971
-0.00204513
-0.00198675
-0.00189157
-0.00176766
-0.00166049
-0.00155323
-0.0014218
-0.00126961
-0.00110911
-0.000935849
-0.00075019
-0.000554729
-0.000349861
-0.000129315
0.00010094
0.000339958
0.000593513
0.000852288
0.00111799
0.00139076
0.00167902
0.00197343
0.0022783
0.0025926
0.00291719
0.00325287
0.00359742
0.00395394
0.00432192
0.00469993
0.00509049
0.00549596
0.00590097
0.00631814
0.00675204
0.00142205
0.0013283
0.000820893
-7.8583e-06
-0.00100886
-0.00194611
-0.00256937
-0.00291447
-0.00307597
-0.00302322
-0.00283304
-0.00267402
-0.00264657
-0.00268072
-0.00266777
-0.00264484
-0.00263602
-0.00259463
-0.00253169
-0.00246851
-0.00241111
-0.00236064
-0.00230604
-0.00222574
-0.00211987
-0.00203722
-0.0019797
-0.00188388
-0.00176004
-0.00165359
-0.00154654
-0.00141515
-0.00126347
-0.00110368
-0.000930936
-0.000745648
-0.000550577
-0.000346177
-0.000126162
0.000103603
0.000342246
0.000595445
0.000853869
0.00111932
0.00139192
0.00168001
0.00197424
0.00227896
0.00259314
0.00291762
0.00325321
0.00359768
0.00395414
0.00432206
0.00470002
0.00509058
0.00549602
0.00590112
0.00631846
0.00675244
0.00133521
0.00127928
0.000803554
1.09269e-05
-0.000945642
-0.00184929
-0.00246757
-0.00282987
-0.00302294
-0.00299929
-0.00281835
-0.00265395
-0.00262028
-0.00265225
-0.00264092
-0.00262285
-0.00261915
-0.00258032
-0.00251761
-0.00245443
-0.00239838
-0.00235037
-0.00229694
-0.00221564
-0.00210973
-0.00202907
-0.00197248
-0.00187599
-0.00175221
-0.0016465
-0.00153969
-0.00140835
-0.0012572
-0.00109812
-0.000925894
-0.000740986
-0.000546318
-0.0003424
-0.000122928
0.000106338
0.000344599
0.000597435
0.000855498
0.00112069
0.00139311
0.00168104
0.00197508
0.00227964
0.00259369
0.00291807
0.00325356
0.00359795
0.00395434
0.00432221
0.00470012
0.00509068
0.0054961
0.00590128
0.0063188
0.00675285
0.0012497
0.00123238
0.000787449
2.81699e-05
-0.000887467
-0.00175813
-0.00236906
-0.00274475
-0.00296615
-0.00297174
-0.00280234
-0.00263443
-0.00259496
-0.0026241
-0.00261349
-0.00259984
-0.0026014
-0.00256549
-0.00250319
-0.00244007
-0.00238536
-0.0023398
-0.00228758
-0.00220526
-0.00209929
-0.00202069
-0.00196507
-0.0018679
-0.00174415
-0.00163923
-0.00153268
-0.0014014
-0.00125077
-0.00109242
-0.000920721
-0.000736203
-0.000541951
-0.000338528
-0.000119612
0.000109146
0.000347019
0.000599485
0.000857174
0.0011221
0.00139434
0.0016821
0.00197594
0.00228035
0.00259425
0.00291853
0.00325393
0.00359823
0.00395456
0.00432237
0.00470023
0.00509078
0.00549618
0.00590146
0.00631916
0.00675327
0.00116542
0.00118744
0.000772408
4.39919e-05
-0.000833885
-0.00167248
-0.0022741
-0.00265974
-0.00290603
-0.00294045
-0.00278462
-0.00261512
-0.00257062
-0.00259646
-0.00258567
-0.00257586
-0.00258272
-0.00255003
-0.00248839
-0.00242541
-0.00237205
-0.00232896
-0.00227796
-0.00219458
-0.00208853
-0.00201207
-0.00195749
-0.00185959
-0.00173587
-0.00163176
-0.00152551
-0.00139429
-0.0012442
-0.00108659
-0.000915413
-0.000731294
-0.000537472
-0.000334559
-0.000116212
0.000112028
0.000349507
0.000601595
0.0008589
0.00112355
0.0013956
0.00168319
0.00197682
0.00228107
0.00259483
0.002919
0.0032543
0.00359851
0.00395477
0.00432253
0.00470033
0.00509088
0.00549626
0.00590164
0.00631953
0.00675371
0.00108188
0.00114445
0.000758393
5.84303e-05
-0.000784488
-0.00159212
-0.0021829
-0.00257543
-0.0028431
-0.0029054
-0.00276482
-0.00259566
-0.00254713
-0.0025695
-0.00255771
-0.002551
-0.00256306
-0.00253387
-0.00247316
-0.00241045
-0.00235848
-0.00231785
-0.00226807
-0.00218359
-0.00207744
-0.0020032
-0.00194973
-0.00185108
-0.00172735
-0.00162411
-0.00151818
-0.00138702
-0.00123747
-0.00108061
-0.000909971
-0.00072626
-0.000532881
-0.000330491
-0.000112727
0.000114986
0.000352065
0.000603767
0.000860677
0.00112504
0.0013969
0.00168431
0.00197773
0.00228181
0.00259543
0.00291949
0.00325468
0.00359881
0.00395499
0.00432269
0.00470045
0.00509099
0.00549636
0.00590183
0.00631993
0.00675415
0.000998109
0.00110333
0.000745561
7.14296e-05
-0.000738973
-0.00151678
-0.00209554
-0.00249232
-0.00277797
-0.00286672
-0.00274266
-0.00257568
-0.00252431
-0.00254332
-0.00252981
-0.00252542
-0.00254242
-0.00251692
-0.00245743
-0.00239517
-0.00234463
-0.00230649
-0.00225794
-0.00217229
-0.00206601
-0.00199408
-0.00194178
-0.00184235
-0.0017186
-0.00161625
-0.00151068
-0.00137959
-0.00123059
-0.00107448
-0.000904391
-0.000721098
-0.000528174
-0.000326323
-0.000109155
0.000118021
0.000354694
0.000606002
0.000862506
0.00112658
0.00139823
0.00168546
0.00197867
0.00228258
0.00259605
0.00291999
0.00325507
0.00359911
0.00395522
0.00432286
0.00470056
0.0050911
0.00549646
0.00590203
0.00632035
0.00675462
0.00091294
0.00106358
0.000734291
8.29315e-05
-0.000697215
-0.00144619
-0.00201198
-0.00241077
-0.00271124
-0.00282462
-0.00271793
-0.00255481
-0.00250195
-0.00251799
-0.00250219
-0.00249928
-0.00252081
-0.00249913
-0.00244114
-0.00237952
-0.00233049
-0.00229489
-0.00224758
-0.00216068
-0.00205422
-0.00198469
-0.00193366
-0.00183341
-0.00170961
-0.00160819
-0.00150301
-0.001372
-0.00122355
-0.00106821
-0.000898672
-0.000715805
-0.000523352
-0.000322052
-0.000105495
0.000121134
0.000357395
0.000608303
0.000864388
0.00112816
0.0013996
0.00168665
0.00197963
0.00228337
0.00259668
0.00292051
0.00325548
0.00359942
0.00395546
0.00432303
0.00470068
0.00509121
0.00549658
0.00590225
0.00632078
0.00675509
0.000825838
0.00102419
0.000725121
9.3083e-05
-0.000659239
-0.00138016
-0.00193214
-0.002331
-0.00264352
-0.00277945
-0.00269042
-0.0025327
-0.00247979
-0.00249351
-0.00247499
-0.00247277
-0.00249834
-0.00248044
-0.00242419
-0.00236347
-0.00231605
-0.00228306
-0.00223701
-0.00214877
-0.00204205
-0.00197502
-0.00192535
-0.00182426
-0.00170038
-0.00159993
-0.00149517
-0.00136425
-0.00121636
-0.00106179
-0.000892812
-0.000710381
-0.00051841
-0.000317678
-0.000101745
0.000124328
0.000360171
0.000610669
0.000866325
0.00112978
0.00140101
0.00168787
0.00198062
0.00228418
0.00259734
0.00292104
0.00325589
0.00359974
0.0039557
0.00432321
0.0047008
0.00509133
0.00549671
0.00590247
0.00632124
0.00675558
0.000737664
0.000983733
0.000718452
0.000102357
-0.00062514
-0.00131865
-0.00185593
-0.00225315
-0.00257532
-0.00273163
-0.00266007
-0.00250899
-0.00245756
-0.00246985
-0.00244834
-0.00244605
-0.0024751
-0.00246084
-0.00240651
-0.00234696
-0.00230129
-0.00227099
-0.00222628
-0.00213658
-0.00202947
-0.00196505
-0.00191687
-0.0018149
-0.00169089
-0.00159145
-0.00148716
-0.00135632
-0.001209
-0.00105522
-0.00088681
-0.000704823
-0.000513349
-0.000313198
-9.79037e-05
0.000127602
0.000363021
0.000613104
0.000868318
0.00113145
0.00140246
0.00168912
0.00198164
0.00228502
0.00259801
0.00292159
0.00325632
0.00360007
0.00395595
0.00432339
0.00470093
0.00509145
0.00549684
0.00590271
0.00632172
0.00675609
0.000650817
0.000940717
0.000714152
0.000111547
-0.000594899
-0.00126176
-0.00178334
-0.00217725
-0.00250699
-0.00268168
-0.00262695
-0.00248337
-0.00243495
-0.0024469
-0.00242232
-0.00241929
-0.00245127
-0.00244037
-0.00238803
-0.00232992
-0.00228617
-0.00225866
-0.00221539
-0.00212414
-0.0020165
-0.00195474
-0.00190819
-0.00180533
-0.00168116
-0.00158276
-0.00147898
-0.00134824
-0.00120148
-0.0010485
-0.000880664
-0.000699131
-0.000508166
-0.000308611
-9.39703e-05
0.000130959
0.000365948
0.000615607
0.000870367
0.00113317
0.00140395
0.00169042
0.00198269
0.00228587
0.0025987
0.00292216
0.00325676
0.00360041
0.00395621
0.00432358
0.00470107
0.00509158
0.00549699
0.00590296
0.00632221
0.00675661
0.00056844
0.000894192
0.000711402
0.000121559
-0.000568215
-0.00120963
-0.00171447
-0.00210334
-0.00243875
-0.0026301
-0.00259128
-0.00245561
-0.00241159
-0.00242452
-0.00239703
-0.00239261
-0.00242697
-0.0024191
-0.00236869
-0.00231227
-0.00227066
-0.00224605
-0.00220436
-0.0021115
-0.00200312
-0.00194407
-0.00189932
-0.00179557
-0.00167117
-0.00157385
-0.00147062
-0.00133998
-0.0011938
-0.00104163
-0.000874373
-0.000693302
-0.000502859
-0.000303916
-8.99436e-05
0.000134399
0.000368953
0.000618181
0.000872476
0.00113494
0.00140547
0.00169174
0.00198377
0.00228676
0.00259941
0.00292274
0.00325722
0.00360076
0.00395647
0.00432377
0.00470121
0.00509171
0.00549716
0.00590322
0.00632273
0.00675714
0.000493088
0.000844189
0.000708825
0.00013304
-0.000544518
-0.00116235
-0.00164946
-0.00203144
-0.00237069
-0.0025773
-0.00255344
-0.00242559
-0.0023871
-0.00240253
-0.00237249
-0.00236609
-0.00240235
-0.00239715
-0.00234848
-0.00229394
-0.0022547
-0.00223312
-0.00219319
-0.0020987
-0.00198936
-0.00193302
-0.00189023
-0.00178562
-0.00166093
-0.00156471
-0.00146208
-0.00133155
-0.00118596
-0.00103461
-0.000867937
-0.000687336
-0.000497428
-0.000299111
-8.58218e-05
0.000137924
0.000372036
0.000620826
0.000874644
0.00113675
0.00140704
0.00169311
0.00198488
0.00228767
0.00260014
0.00292334
0.00325769
0.00360112
0.00395675
0.00432397
0.00470136
0.00509184
0.00549733
0.0059035
0.00632327
0.0067577
0.000425525
0.000791706
0.00070485
0.000146069
-0.000523081
-0.00111984
-0.00158849
-0.00196167
-0.00230286
-0.00252355
-0.00251384
-0.00239336
-0.00236114
-0.00238067
-0.00234871
-0.00233983
-0.00237753
-0.00237466
-0.00232743
-0.00227483
-0.00223824
-0.00221984
-0.00218185
-0.00208578
-0.00197526
-0.00192155
-0.00188089
-0.00177547
-0.00165044
-0.00155533
-0.00145336
-0.00132296
-0.00117795
-0.00102743
-0.000861354
-0.000681231
-0.00049187
-0.000294193
-8.16041e-05
0.000141534
0.000375199
0.000623544
0.000876872
0.00113862
0.00140866
0.00169451
0.00198602
0.0022886
0.00260089
0.00292395
0.00325817
0.00360149
0.00395703
0.00432417
0.00470152
0.00509198
0.00549752
0.0059038
0.00632382
0.00675827
0.000364247
0.000738275
0.000698438
0.000160191
-0.000503198
-0.00108185
-0.00153171
-0.00189426
-0.00223541
-0.00246894
-0.00247282
-0.00235911
-0.00233348
-0.00235861
-0.00232565
-0.00231393
-0.0023526
-0.00235176
-0.00230561
-0.00225491
-0.00222122
-0.00220618
-0.00217032
-0.00207276
-0.00196086
-0.00190967
-0.00187128
-0.00176513
-0.00163971
-0.00154573
-0.00144445
-0.00131419
-0.00116977
-0.00102009
-0.000854623
-0.000674987
-0.000486185
-0.000289163
-7.72895e-05
0.00014523
0.000378443
0.000626337
0.000879164
0.00114054
0.00141031
0.00169595
0.00198719
0.00228956
0.00260166
0.00292458
0.00325866
0.00360187
0.00395732
0.00432437
0.00470168
0.00509212
0.00549772
0.0059041
0.0063244
0.00675886
0.000306469
0.000684827
0.000689446
0.000174737
-0.000484398
-0.00104795
-0.00147917
-0.00182941
-0.00216858
-0.00241361
-0.00243058
-0.00232309
-0.00230402
-0.00233597
-0.00230317
-0.00228849
-0.00232764
-0.00232857
-0.00228312
-0.00223414
-0.00220354
-0.0021921
-0.00215857
-0.00205965
-0.00194622
-0.0018974
-0.00186137
-0.00175457
-0.00162875
-0.0015359
-0.00143536
-0.00130525
-0.00116142
-0.0010126
-0.000847745
-0.000668603
-0.000480371
-0.000284019
-7.28766e-05
0.000149013
0.000381769
0.000629204
0.000881518
0.00114251
0.00141201
0.00169743
0.00198839
0.00229055
0.00260245
0.00292523
0.00325917
0.00360226
0.00395762
0.00432459
0.00470185
0.00509227
0.00549794
0.00590443
0.00632499
0.00675947
0.00025035
0.000631027
0.000678168
0.00018916
-0.000466606
-0.00101756
-0.00143075
-0.00176731
-0.00210265
-0.00235778
-0.0023872
-0.00228553
-0.00227285
-0.00231245
-0.00228103
-0.00226357
-0.00230273
-0.00230518
-0.00226009
-0.00221254
-0.00218513
-0.00217756
-0.00214656
-0.00204642
-0.00193138
-0.00188478
-0.00185113
-0.00174377
-0.00161756
-0.00152585
-0.00142608
-0.00129614
-0.0011529
-0.00100495
-0.000840719
-0.000662078
-0.000474426
-0.000278759
-6.83649e-05
0.000152883
0.000385176
0.000632148
0.000883938
0.00114453
0.00141375
0.00169894
0.00198963
0.00229156
0.00260327
0.0029259
0.0032597
0.00360266
0.00395793
0.0043248
0.00470203
0.00509242
0.00549817
0.00590477
0.00632561
0.0067601
0.000196887
0.000575887
0.000664756
0.000203366
-0.000450181
-0.000990257
-0.00138609
-0.00170811
-0.00203784
-0.00230179
-0.0023428
-0.00224649
-0.00224011
-0.00228791
-0.00225891
-0.00223913
-0.00227802
-0.00228166
-0.00223665
-0.00219018
-0.00216593
-0.00216248
-0.00213427
-0.00203305
-0.00191636
-0.00187185
-0.00184057
-0.0017327
-0.00160611
-0.00151558
-0.00141661
-0.00128684
-0.00114422
-0.000997149
-0.000833546
-0.000655413
-0.000468351
-0.000273383
-6.37532e-05
0.000156842
0.000388666
0.000635169
0.000886423
0.0011466
0.00141554
0.0017005
0.0019909
0.0022926
0.0026041
0.00292658
0.00326024
0.00360306
0.00395825
0.00432502
0.00470222
0.00509258
0.00549842
0.00590513
0.00632624
0.00676075
0.000149301
0.000518719
0.000648673
0.000217931
-0.000435536
-0.000966042
-0.00134466
-0.00165184
-0.00197432
-0.00224605
-0.00229772
-0.00220588
-0.00220585
-0.00226241
-0.00223652
-0.00221506
-0.00225361
-0.00225807
-0.00221288
-0.00216716
-0.00214591
-0.0021468
-0.00212169
-0.0020195
-0.00190115
-0.00185868
-0.00182973
-0.00172133
-0.00159441
-0.0015051
-0.00140696
-0.00127737
-0.00113536
-0.000989191
-0.000826227
-0.000648607
-0.000462144
-0.000267888
-5.90414e-05
0.000160889
0.000392239
0.000638267
0.000888975
0.00114873
0.00141737
0.0017021
0.0019922
0.00229367
0.00260497
0.00292729
0.00326079
0.00360348
0.00395858
0.00432525
0.00470242
0.00509274
0.00549868
0.00590551
0.00632689
0.00676142
0.000110491
0.000459877
0.000628363
0.000233688
-0.000422444
-0.000945555
-0.00130587
-0.00159836
-0.00191224
-0.00219083
-0.00225254
-0.00216367
-0.00216993
-0.00223611
-0.0022137
-0.00219108
-0.0022296
-0.00223455
-0.00218884
-0.00214359
-0.00212506
-0.00213043
-0.00210881
-0.00200575
-0.00188571
-0.00184531
-0.00181865
-0.00170964
-0.00158239
-0.00149442
-0.00139715
-0.00126772
-0.00112633
-0.000981078
-0.000818762
-0.000641662
-0.000455805
-0.000262276
-5.42283e-05
0.000165024
0.000395895
0.000641445
0.000891595
0.00115091
0.00141924
0.00170374
0.00199354
0.00229476
0.00260585
0.00292801
0.00326136
0.00360391
0.00395892
0.00432548
0.00470263
0.00509291
0.00549896
0.0059059
0.00632755
0.00676211
8.07468e-05
0.000401019
0.000601658
0.000250883
-0.000409628
-0.000929862
-0.00126946
-0.00154716
-0.00185181
-0.00213623
-0.00220795
-0.00212009
-0.00213197
-0.00220909
-0.00219053
-0.00216689
-0.00220595
-0.00221125
-0.00216456
-0.00211957
-0.00210346
-0.00211329
-0.00209558
-0.0019918
-0.00186998
-0.00183176
-0.00180743
-0.00169762
-0.00157002
-0.00148353
-0.0013872
-0.00125789
-0.00111712
-0.000972811
-0.000811154
-0.000634577
-0.000449334
-0.000256544
-4.93135e-05
0.000169247
0.000399635
0.000644701
0.000894285
0.00115315
0.00142116
0.00170542
0.00199491
0.00229589
0.00260676
0.00292875
0.00326195
0.00360435
0.00395927
0.00432572
0.00470285
0.00509309
0.00549925
0.00590632
0.00632823
0.00676282
5.69397e-05
0.000344511
0.000566917
0.000268538
-0.000394921
-0.00091986
-0.001236
-0.00149731
-0.00179306
-0.00208226
-0.00216454
-0.00207582
-0.00209152
-0.0021812
-0.00216729
-0.00214227
-0.00218248
-0.00218833
-0.00214012
-0.00209518
-0.0020812
-0.00209534
-0.00208195
-0.00197766
-0.00185389
-0.00181801
-0.00179616
-0.00168532
-0.00155724
-0.00147239
-0.00137711
-0.0012479
-0.00110772
-0.000964387
-0.000803406
-0.000627355
-0.000442729
-0.000250692
-4.42973e-05
0.000173558
0.000403456
0.000648037
0.000897045
0.00115545
0.00142313
0.00170714
0.00199633
0.00229704
0.00260769
0.0029295
0.00326256
0.0036048
0.00395964
0.00432596
0.00470308
0.00509328
0.00549956
0.00590675
0.00632893
0.00676355
3.3797e-05
0.000291872
0.000524037
0.000284573
-0.000375689
-0.000915419
-0.00120743
-0.00144793
-0.0017357
-0.002029
-0.00212256
-0.00203178
-0.00204838
-0.00215194
-0.00214429
-0.00211721
-0.00215888
-0.00216589
-0.00211564
-0.00207041
-0.0020584
-0.00207656
-0.00206787
-0.00196338
-0.0018374
-0.00180398
-0.00178493
-0.00167284
-0.00154401
-0.00146096
-0.00136692
-0.00123777
-0.00109815
-0.000955805
-0.000795519
-0.000619998
-0.000435993
-0.00024472
-3.91788e-05
0.000177956
0.00040736
0.000651453
0.000899875
0.00115779
0.00142514
0.0017089
0.00199777
0.00229822
0.00260864
0.00293028
0.00326318
0.00360526
0.00396001
0.00432621
0.00470332
0.00509347
0.00549988
0.00590721
0.00632964
0.0067643
6.45898e-06
0.000242877
0.000474278
0.000296126
-0.000349584
-0.000914521
-0.00118645
-0.00139881
-0.00167883
-0.00197671
-0.00208201
-0.00198888
-0.00200285
-0.00212057
-0.00212163
-0.00209199
-0.00213485
-0.0021439
-0.00209131
-0.00204529
-0.00203516
-0.00205701
-0.00205323
-0.00194895
-0.00182049
-0.00178954
-0.00177379
-0.0016603
-0.00153029
-0.00144917
-0.00135661
-0.00122752
-0.00108839
-0.000947062
-0.000787498
-0.00061251
-0.000429125
-0.000238626
-3.39582e-05
0.000182441
0.000411344
0.000654948
0.000902778
0.0011602
0.0014272
0.0017107
0.00199926
0.00229942
0.00260963
0.00293107
0.00326382
0.00360573
0.0039604
0.00432647
0.00470357
0.00509368
0.00550021
0.00590769
0.00633037
0.00676507
-2.74753e-05
0.00019599
0.000419893
0.000300195
-0.000315779
-0.000913224
-0.00117547
-0.00135119
-0.00162095
-0.00192549
-0.00204291
-0.00194774
-0.0019557
-0.00208642
-0.00209899
-0.00206704
-0.00211026
-0.00212216
-0.00206727
-0.00201985
-0.00201151
-0.00203678
-0.002038
-0.00193439
-0.00180318
-0.00177459
-0.00176274
-0.00164785
-0.00151613
-0.00143693
-0.00134618
-0.00121718
-0.00107846
-0.000938151
-0.000779343
-0.000604895
-0.000422125
-0.000232412
-2.86357e-05
0.000187011
0.000415408
0.000658523
0.000905754
0.00116266
0.0014293
0.00171255
0.00200078
0.00230066
0.00261063
0.00293189
0.00326447
0.00360621
0.0039608
0.00432673
0.00470383
0.0050939
0.00550056
0.00590818
0.00633111
0.00676586
-6.77231e-05
0.000148824
0.00036337
0.000294735
-0.000275672
-0.000906642
-0.00117552
-0.00130825
-0.00156048
-0.00187485
-0.00200564
-0.00190848
-0.00190787
-0.00204937
-0.00207568
-0.00204265
-0.00208525
-0.00210042
-0.00204362
-0.00199417
-0.00198748
-0.00201601
-0.00202215
-0.00191967
-0.00178552
-0.00175902
-0.00175169
-0.00163564
-0.00150162
-0.00142415
-0.00133556
-0.0012068
-0.00106839
-0.000929069
-0.000771052
-0.000597157
-0.000414998
-0.000226077
-2.32117e-05
0.000191664
0.000419549
0.000662177
0.000908803
0.00116518
0.00143145
0.00171443
0.00200233
0.00230192
0.00261166
0.00293272
0.00326515
0.0036067
0.00396121
0.004327
0.0047041
0.00509413
0.00550092
0.0059087
0.00633187
0.00676667
-0.000112332
9.86781e-05
0.00030635
0.0002792
-0.000232702
-0.000889982
-0.00118495
-0.00127437
-0.00149675
-0.00182329
-0.00197085
-0.00187108
-0.00185998
-0.00200984
-0.002051
-0.00201872
-0.00206021
-0.00207853
-0.0020203
-0.00196837
-0.00196304
-0.00199479
-0.00200574
-0.00190471
-0.00176755
-0.00174276
-0.00174051
-0.00162378
-0.00148689
-0.00141078
-0.00132469
-0.00119639
-0.0010582
-0.000919819
-0.000762625
-0.000589301
-0.000407744
-0.000219622
-1.76857e-05
0.0001964
0.000423765
0.000665909
0.000911927
0.00116775
0.00143364
0.00171636
0.00200393
0.00230321
0.00261272
0.00293357
0.00326584
0.0036072
0.00396164
0.00432728
0.00470437
0.00509437
0.00550129
0.00590924
0.00633265
0.0067675
-0.000158391
4.31161e-05
0.00024874
0.000254543
-0.000191329
-0.000859871
-0.00119899
-0.00125402
-0.00143117
-0.00176835
-0.00193906
-0.00183597
-0.00181206
-0.00196857
-0.00202461
-0.0019947
-0.00203548
-0.00205659
-0.00199716
-0.00194251
-0.00193819
-0.00197319
-0.00198887
-0.00188949
-0.00174931
-0.00172579
-0.00172906
-0.00161233
-0.00147214
-0.00139682
-0.00131345
-0.00118594
-0.00104794
-0.000910409
-0.000754055
-0.00058133
-0.000400369
-0.000213046
-1.20587e-05
0.000201216
0.000428052
0.000669718
0.000915125
0.00117037
0.00143587
0.00171833
0.00200556
0.00230453
0.0026138
0.00293444
0.00326655
0.00360772
0.00396208
0.00432757
0.00470466
0.00509463
0.00550168
0.0059098
0.00633343
0.00676834
-0.000201279
-1.88935e-05
0.000188254
0.000222299
-0.000155709
-0.000815553
-0.00121084
-0.00125005
-0.00136775
-0.00170728
-0.00190988
-0.00180433
-0.00176363
-0.00192608
-0.00199695
-0.00196987
-0.00201099
-0.002035
-0.00197411
-0.00191656
-0.00191294
-0.00195124
-0.00197169
-0.001874
-0.00173077
-0.00170814
-0.00171718
-0.00160124
-0.00145755
-0.00138233
-0.00130173
-0.00117542
-0.00103767
-0.000900865
-0.000745338
-0.000573244
-0.000392878
-0.000206355
-6.33139e-06
0.000206109
0.000432408
0.000673603
0.000918398
0.00117305
0.00143815
0.00172034
0.00200723
0.00230588
0.00261491
0.00293533
0.00326728
0.00360825
0.00396252
0.00432787
0.00470496
0.0050949
0.00550208
0.00591038
0.00633423
0.0067692
-0.00023481
-8.54293e-05
0.000121212
0.000183503
-0.000128992
-0.000759642
-0.00121293
-0.00126173
-0.00131233
-0.00163835
-0.00188144
-0.001778
-0.00171446
-0.00188206
-0.00196891
-0.00194383
-0.00198618
-0.00201419
-0.00195129
-0.00189039
-0.00188726
-0.00192893
-0.00195439
-0.00185829
-0.00171186
-0.00168987
-0.0017048
-0.00159039
-0.00144331
-0.00136747
-0.00128943
-0.00116474
-0.00102741
-0.000891228
-0.000736475
-0.000565041
-0.000385274
-0.000199548
-5.03768e-07
0.000211078
0.000436828
0.000677561
0.000921747
0.00117579
0.00144046
0.00172239
0.00200894
0.00230726
0.00261604
0.00293624
0.00326803
0.00360879
0.00396298
0.00432818
0.00470527
0.00509519
0.00550249
0.00591098
0.00633505
0.00677008
-0.000253391
-0.000151563
4.42651e-05
0.000137812
-0.000112865
-0.000697534
-0.00119865
-0.00128404
-0.00127123
-0.00156222
-0.00185036
-0.00175878
-0.00166527
-0.00183521
-0.00194137
-0.00191702
-0.00196011
-0.00199429
-0.00192919
-0.0018639
-0.00186109
-0.00190619
-0.00193709
-0.00184255
-0.0016925
-0.00167098
-0.00169188
-0.00157961
-0.0014295
-0.00135244
-0.00127653
-0.00115378
-0.00101719
-0.000881556
-0.000727477
-0.000556714
-0.00037756
-0.000192632
5.42185e-06
0.000216118
0.000441307
0.000681592
0.000925171
0.00117858
0.00144282
0.00172447
0.00201068
0.00230866
0.0026172
0.00293716
0.00326879
0.00360934
0.00396346
0.00432851
0.00470559
0.00509549
0.00550292
0.0059116
0.00633588
0.00677097
-0.000255407
-0.000210691
-4.32544e-05
8.31716e-05
-0.000107521
-0.000635277
-0.00116467
-0.00130907
-0.00124929
-0.00148271
-0.00181258
-0.00174746
-0.00161821
-0.00178381
-0.00191436
-0.0018908
-0.00193198
-0.00197478
-0.00190847
-0.00183715
-0.00183422
-0.00188296
-0.00191988
-0.00182701
-0.00167265
-0.00165142
-0.00167849
-0.00156877
-0.00141609
-0.00133747
-0.00126306
-0.0011424
-0.00100698
-0.000871918
-0.00071837
-0.000548256
-0.000369737
-0.000185613
1.14436e-05
0.000221228
0.000445839
0.000685692
0.000928671
0.00118142
0.00144521
0.0017266
0.00201245
0.00231009
0.00261837
0.00293811
0.00326957
0.00360991
0.00396394
0.00432884
0.00470592
0.00509581
0.00550335
0.00591224
0.00633672
0.00677188
-0.000244352
-0.000255517
-0.000137665
1.61308e-05
-0.000112559
-0.000578171
-0.00111235
-0.00132743
-0.00124753
-0.00140606
-0.00176472
-0.00174299
-0.00157672
-0.00172663
-0.00188646
-0.00186685
-0.00190179
-0.00195459
-0.00188962
-0.00181057
-0.00180641
-0.00185906
-0.00190281
-0.00181198
-0.00165234
-0.00163102
-0.00166471
-0.0015578
-0.00140295
-0.00132277
-0.00124919
-0.00113046
-0.000996678
-0.000862383
-0.000709208
-0.000539659
-0.000361797
-0.000178494
1.75584e-05
0.000226404
0.000450417
0.000689857
0.000932245
0.00118431
0.00144764
0.00172876
0.00201427
0.00231155
0.00261958
0.00293907
0.00327037
0.00361048
0.00396443
0.00432919
0.00470626
0.00509614
0.0055038
0.00591289
0.00633757
0.0067728
-0.00022763
-0.000281028
-0.000231401
-6.61094e-05
-0.000128521
-0.000529997
-0.00104723
-0.00133025
-0.00126198
-0.00133945
-0.00170539
-0.00174227
-0.00154454
-0.0016639
-0.00185489
-0.00184643
-0.00187078
-0.00193242
-0.00187261
-0.00178495
-0.00177755
-0.00183422
-0.00188582
-0.00179777
-0.00163174
-0.00160959
-0.0016506
-0.0015467
-0.00138987
-0.00130847
-0.00123516
-0.00111787
-0.000986144
-0.000852992
-0.000700068
-0.000530929
-0.00035373
-0.000171282
2.37603e-05
0.00023164
0.000455035
0.000694085
0.000935895
0.00118725
0.0014501
0.00173096
0.00201611
0.00231303
0.0026208
0.00294005
0.00327119
0.00361108
0.00396494
0.00432955
0.0047066
0.00509649
0.00550426
0.00591356
0.00633844
0.00677373
-0.000214538
-0.000288118
-0.000313673
-0.000162592
-0.000157672
-0.000492664
-0.000976371
-0.00131201
-0.00128522
-0.00128903
-0.0016361
-0.00174074
-0.00152473
-0.00159797
-0.00181648
-0.00182932
-0.00184109
-0.00190749
-0.00185657
-0.00176114
-0.00174781
-0.00180804
-0.00186875
-0.00178466
-0.00161117
-0.00158691
-0.00163609
-0.00153565
-0.00137668
-0.00129454
-0.00122127
-0.00110466
-0.000975192
-0.000843738
-0.00069105
-0.000522091
-0.000345518
-0.000163976
3.00438e-05
0.000236932
0.000459685
0.000698371
0.000939617
0.00119023
0.00145259
0.00173319
0.00201799
0.00231454
0.00262205
0.00294105
0.00327202
0.00361168
0.00396545
0.00432992
0.00470696
0.00509686
0.00550473
0.00591425
0.00633932
0.00677467
-0.000210048
-0.000283859
-0.000373867
-0.000267406
-0.000203323
-0.000467052
-0.000906757
-0.00127246
-0.00130765
-0.00125785
-0.00156111
-0.00173367
-0.00151867
-0.00153315
-0.00176859
-0.00181325
-0.00181502
-0.00188024
-0.00184012
-0.00173966
-0.00171784
-0.00178014
-0.00185129
-0.00177285
-0.00159104
-0.00156284
-0.00162101
-0.00152485
-0.00136326
-0.00128081
-0.0012078
-0.001091
-0.000963623
-0.000834542
-0.000682264
-0.000513198
-0.000337141
-0.000156569
3.64019e-05
0.000242271
0.000464356
0.000702711
0.000943411
0.00119326
0.00145511
0.00173545
0.0020199
0.00231608
0.00262332
0.00294207
0.00327286
0.0036123
0.00396598
0.0043303
0.00470732
0.00509725
0.00550521
0.00591495
0.00634021
0.00677562
-0.000210244
-0.000276452
-0.00040717
-0.000370182
-0.000267283
-0.000454523
-0.000844308
-0.00121617
-0.00131964
-0.00124475
-0.00148624
-0.00171716
-0.00152549
-0.00147456
-0.00171036
-0.0017947
-0.00179392
-0.00185258
-0.00182193
-0.00172023
-0.00168857
-0.00175036
-0.00183298
-0.00176244
-0.00157187
-0.00153739
-0.00160503
-0.00151453
-0.00134962
-0.00126697
-0.00119497
-0.00107717
-0.000951266
-0.000825239
-0.00067381
-0.00050434
-0.00032859
-0.000149044
4.28294e-05
0.000247647
0.000469039
0.000707098
0.000947275
0.00119633
0.00145765
0.00173774
0.00202183
0.00231763
0.00262461
0.00294311
0.00327372
0.00361294
0.00396652
0.0043307
0.0047077
0.00509764
0.00550571
0.00591566
0.00634111
0.00677658
-0.00020772
-0.000272112
-0.000417292
-0.000458166
-0.000347111
-0.000457175
-0.000793157
-0.00115023
-0.00131436
-0.00124501
-0.00141738
-0.00168891
-0.00154202
-0.00142732
-0.00164353
-0.00176967
-0.00177709
-0.00182709
-0.0018016
-0.00170171
-0.00166091
-0.00171891
-0.00181325
-0.00175336
-0.00155416
-0.00151075
-0.00158778
-0.0015048
-0.00133596
-0.00125273
-0.00118283
-0.00106355
-0.000938068
-0.0008156
-0.000665736
-0.000495644
-0.000319871
-0.000141373
4.93269e-05
0.000253047
0.00047372
0.000711528
0.000951207
0.00119945
0.00146021
0.00174006
0.00202379
0.00231921
0.00262592
0.00294416
0.00327459
0.00361359
0.00396706
0.00433112
0.00470808
0.00509806
0.00550621
0.00591638
0.00634202
0.00677755
-0.000200671
-0.000272768
-0.000413323
-0.000521447
-0.00043616
-0.000476621
-0.000755577
-0.00108274
-0.00128968
-0.00125133
-0.00135906
-0.00164863
-0.00156341
-0.00139565
-0.00157215
-0.00173482
-0.00176168
-0.00180616
-0.0017804
-0.00168258
-0.00163519
-0.0016865
-0.00179153
-0.00174534
-0.00153839
-0.00148325
-0.00156889
-0.00149561
-0.00132263
-0.00123782
-0.0011712
-0.00105056
-0.000924132
-0.000805356
-0.000658012
-0.000487261
-0.000311028
-0.000133524
5.59036e-05
0.000258455
0.000478383
0.000715992
0.000955204
0.0012026
0.00146279
0.0017424
0.00202578
0.00232081
0.00262725
0.00294522
0.00327548
0.00361425
0.00396762
0.00433154
0.00470847
0.00509849
0.00550673
0.00591711
0.00634293
0.00677852
-0.000195233
-0.000276803
-0.000404496
-0.000557151
-0.000524304
-0.000512426
-0.000732395
-0.00102172
-0.00124844
-0.00125565
-0.00131338
-0.00159795
-0.00158414
-0.001382
-0.00150142
-0.00168873
-0.00174384
-0.0017906
-0.00176092
-0.00166175
-0.00161077
-0.00165407
-0.00176754
-0.00173796
-0.00152491
-0.00145533
-0.00154813
-0.00148674
-0.00131001
-0.00122212
-0.00115974
-0.00103855
-0.000909742
-0.000794235
-0.000650499
-0.000479352
-0.000302151
-0.000125461
6.25838e-05
0.000263855
0.000483007
0.000720484
0.000959262
0.00120578
0.00146539
0.00174475
0.00202778
0.00232243
0.00262859
0.0029463
0.00327637
0.00361492
0.00396818
0.00433198
0.00470887
0.00509893
0.00550726
0.00591784
0.00634386
0.00677949
-0.000200368
-0.00028291
-0.000398303
-0.000569096
-0.000600797
-0.000561868
-0.000723222
-0.000973027
-0.00119657
-0.00125126
-0.00127974
-0.00154004
-0.00159878
-0.00138633
-0.00143721
-0.00163255
-0.00171942
-0.00177857
-0.00174622
-0.00163959
-0.00158625
-0.00162233
-0.00174136
-0.00173069
-0.00151395
-0.0014275
-0.00152541
-0.00147787
-0.00129842
-0.00120573
-0.00114805
-0.00102773
-0.000895316
-0.000782058
-0.000642959
-0.00047204
-0.000293383
-0.000117164
6.94088e-05
0.000269234
0.000487568
0.000724992
0.000963377
0.001209
0.00146799
0.00174712
0.0020298
0.00232407
0.00262995
0.00294739
0.00327728
0.00361561
0.00396876
0.00433243
0.00470928
0.00509939
0.00550779
0.00591859
0.00634478
0.00678047
-0.00022105
-0.000292164
-0.000398993
-0.000564676
-0.000657386
-0.00061953
-0.000726689
-0.000939121
-0.00114217
-0.00123485
-0.00125524
-0.00147899
-0.00160257
-0.00140581
-0.00138527
-0.00156959
-0.00168536
-0.00176646
-0.00173865
-0.0016185
-0.00156004
-0.00159123
-0.0017135
-0.00172308
-0.00150558
-0.00140018
-0.00150083
-0.00146866
-0.00128801
-0.00118893
-0.00113574
-0.00101805
-0.000881342
-0.000768815
-0.000635078
-0.000465369
-0.000284915
-0.000108646
7.64366e-05
0.000274589
0.000492034
0.0007295
0.000967546
0.00121225
0.0014706
0.00174949
0.00203183
0.00232573
0.00263132
0.00294849
0.0032782
0.0036163
0.00396934
0.00433289
0.0047097
0.00509985
0.00550834
0.00591933
0.00634572
0.00678144
-0.00025534
-0.00030636
-0.000408405
-0.000552459
-0.000690131
-0.000678087
-0.000740985
-0.00091928
-0.00109359
-0.00120707
-0.0012356
-0.00141891
-0.00159213
-0.00143504
-0.00135027
-0.00150435
-0.00164083
-0.00174974
-0.00173804
-0.00160202
-0.00153146
-0.0015597
-0.00168451
-0.00171488
-0.00149983
-0.00137371
-0.00147453
-0.00145888
-0.00127875
-0.00117214
-0.00112254
-0.00100921
-0.000868307
-0.000754721
-0.00062651
-0.00045926
-0.000276971
-9.99712e-05
8.37383e-05
0.000279932
0.000496373
0.000733987
0.00097176
0.00121553
0.00147321
0.00175186
0.00203387
0.0023274
0.0026327
0.00294959
0.00327913
0.00361701
0.00396993
0.00433337
0.00471013
0.00510033
0.00550889
0.00592008
0.00634665
0.00678242
-0.000297846
-0.000325448
-0.000426399
-0.000541888
-0.000700455
-0.000729497
-0.000763442
-0.000910756
-0.00105659
-0.00117173
-0.00121654
-0.00136307
-0.00156628
-0.00146727
-0.00133476
-0.00144233
-0.00158745
-0.00172394
-0.0017412
-0.00159404
-0.0015019
-0.00152608
-0.00165442
-0.00170616
-0.00149679
-0.00134833
-0.00144664
-0.00144844
-0.00127051
-0.0011557
-0.0011084
-0.0010008
-0.000856568
-0.000740193
-0.000616941
-0.000453489
-0.000269775
-9.12782e-05
9.1382e-05
0.000285301
0.00050055
0.000738424
0.000976012
0.00121884
0.00147583
0.00175421
0.00203592
0.00232908
0.00263409
0.0029507
0.00328006
0.00361773
0.00397053
0.00433385
0.00471056
0.00510082
0.00550945
0.00592083
0.00634758
0.00678339
-0.000344087
-0.000348348
-0.000450029
-0.000541169
-0.000695008
-0.000766584
-0.000790263
-0.00091057
-0.00103315
-0.00113506
-0.00119515
-0.00131322
-0.00152665
-0.00149509
-0.00133824
-0.00138934
-0.00152843
-0.00168645
-0.00174339
-0.00159706
-0.00147484
-0.00148887
-0.00162235
-0.00169704
-0.00149672
-0.00132436
-0.00141713
-0.00143741
-0.0012631
-0.00113982
-0.00109356
-0.00099238
-0.000846222
-0.000725768
-0.000606215
-0.000447718
-0.000263489
-8.27713e-05
9.94148e-05
0.000290756
0.000504538
0.00074277
0.000980289
0.00122218
0.00147843
0.00175655
0.00203795
0.00233077
0.00263549
0.0029518
0.003281
0.00361845
0.00397113
0.00433435
0.004711
0.00510131
0.00551002
0.00592158
0.00634851
0.00678435
-0.000390968
-0.000375354
-0.000474468
-0.00055335
-0.000683437
-0.000785746
-0.000816194
-0.000915528
-0.0010218
-0.00110342
-0.00117085
-0.00126961
-0.0014772
-0.00151152
-0.00135672
-0.00135042
-0.00146805
-0.00163751
-0.00173881
-0.00161013
-0.00145492
-0.00144809
-0.00158652
-0.00168731
-0.00150013
-0.00130228
-0.0013858
-0.00142582
-0.00125652
-0.00112451
-0.00107835
-0.000983588
-0.000837064
-0.000712043
-0.000594415
-0.000441531
-0.000258158
-7.47173e-05
0.000107833
0.00029639
0.000508329
0.00074697
0.000984568
0.00122556
0.00148104
0.00175884
0.00203997
0.00233247
0.0026369
0.00295291
0.00328194
0.00361918
0.00397174
0.00433485
0.00471144
0.00510181
0.00551059
0.00592232
0.00634943
0.00678531
-0.000433573
-0.000408093
-0.000496909
-0.000574875
-0.000676391
-0.000789718
-0.000835465
-0.000922277
-0.00101944
-0.00108112
-0.00114551
-0.0012315
-0.00142285
-0.001512
-0.00138385
-0.00132884
-0.00141147
-0.00157989
-0.00172214
-0.00162884
-0.00144711
-0.00140633
-0.00154475
-0.00167586
-0.00150758
-0.00128297
-0.00135243
-0.00141356
-0.00125094
-0.00110969
-0.00106312
-0.000974292
-0.000828678
-0.000699535
-0.000581889
-0.000434494
-0.000253659
-6.74174e-05
0.000116548
0.000302309
0.000511944
0.000750963
0.000988816
0.00122899
0.00148364
0.00176109
0.00204198
0.00233418
0.0026383
0.00295401
0.00328288
0.00361992
0.00397235
0.00433536
0.00471189
0.00510232
0.00551116
0.00592306
0.00635034
0.00678625
-0.000465659
-0.000446472
-0.000518495
-0.000598684
-0.000679898
-0.000785832
-0.000844285
-0.000927101
-0.00102232
-0.00106941
-0.00112256
-0.00119789
-0.00136801
-0.00149583
-0.00141172
-0.00132497
-0.00136382
-0.00151747
-0.0016909
-0.00164717
-0.00145419
-0.00136821
-0.00149545
-0.00166055
-0.0015194
-0.00126778
-0.00131691
-0.00140011
-0.00124669
-0.00109529
-0.00104804
-0.000964618
-0.000820607
-0.000688534
-0.000569163
-0.000426275
-0.000249696
-6.1148e-05
0.000125377
0.000308618
0.000515442
0.00075468
0.000992987
0.00123247
0.00148625
0.00176326
0.00204395
0.00233589
0.00263971
0.0029551
0.00328383
0.00362067
0.00397295
0.00433588
0.00471233
0.00510283
0.00551173
0.00592379
0.00635124
0.00678718
-0.000483608
-0.000486253
-0.000543898
-0.000620038
-0.000691738
-0.000782969
-0.000844014
-0.000926267
-0.00102619
-0.00106674
-0.00110548
-0.00116854
-0.00131612
-0.001466
-0.00143229
-0.00133559
-0.0013294
-0.00145515
-0.00164634
-0.00165783
-0.00147458
-0.00133985
-0.00143925
-0.00163825
-0.00153506
-0.00125846
-0.00127962
-0.00138455
-0.00124409
-0.00108151
-0.00103306
-0.00095486
-0.000812464
-0.000679007
-0.000556853
-0.000416769
-0.000245863
-5.6093e-05
0.000134045
0.000315397
0.000518928
0.000758058
0.000997018
0.00123602
0.00148886
0.00176535
0.00204588
0.00233761
0.00264111
0.00295617
0.00328477
0.00362142
0.00397356
0.0043364
0.00471278
0.00510334
0.0055123
0.0059245
0.00635213
0.00678809
-0.000489578
-0.000519903
-0.00057588
-0.000639387
-0.000705186
-0.000786621
-0.000840345
-0.000917689
-0.00102699
-0.00107025
-0.00109623
-0.00114443
-0.00126914
-0.00142738
-0.00143997
-0.00135511
-0.00131094
-0.00139806
-0.00159217
-0.00165465
-0.00150285
-0.00132746
-0.00137989
-0.00160549
-0.00155256
-0.00125697
-0.00124175
-0.00136571
-0.00124315
-0.00106891
-0.00101799
-0.000945281
-0.000804073
-0.000670643
-0.000545562
-0.000406166
-0.000241679
-5.2286e-05
0.000142196
0.000322663
0.000522548
0.000761042
0.00100083
0.00123966
0.00149149
0.00176733
0.00204776
0.00233931
0.0026425
0.00295723
0.0032857
0.00362217
0.00397417
0.00433692
0.00471323
0.00510385
0.00551287
0.0059252
0.00635299
0.00678898
-0.000490965
-0.000541061
-0.000610671
-0.000661918
-0.000715982
-0.000794782
-0.00084023
-0.000903374
-0.00102134
-0.0010759
-0.00109443
-0.0011273
-0.0012279
-0.00138481
-0.00143349
-0.00137609
-0.00130858
-0.0013506
-0.00153317
-0.00163536
-0.00153169
-0.00133439
-0.00132328
-0.00155971
-0.00156848
-0.00126491
-0.00120541
-0.00134238
-0.00124334
-0.00105836
-0.00100263
-0.000935954
-0.000795563
-0.000663017
-0.00053573
-0.000394939
-0.000236659
-4.95505e-05
0.00014942
0.000330343
0.000526477
0.000763593
0.00100432
0.00124337
0.00149416
0.0017692
0.00204957
0.00234102
0.00264387
0.00295826
0.00328661
0.00362291
0.00397477
0.00433745
0.00471368
0.00510435
0.00551343
0.00592588
0.00635384
0.00678985
-0.000496627
-0.000550171
-0.000639689
-0.000690809
-0.000725369
-0.000801339
-0.000847605
-0.000888866
-0.00100751
-0.00107963
-0.00109804
-0.00111857
-0.00119315
-0.00134238
-0.00141555
-0.001391
-0.00131927
-0.00131606
-0.0014749
-0.0016021
-0.00155235
-0.00135882
-0.00127723
-0.00150118
-0.00157813
-0.00128277
-0.00117354
-0.00131366
-0.00124348
-0.00105096
-0.000986954
-0.00092665
-0.000787355
-0.000655695
-0.000527468
-0.000383762
-0.000230454
-4.74972e-05
0.000155312
0.000338248
0.000530922
0.00076572
0.00100736
0.00124715
0.00149688
0.00177092
0.0020513
0.00234272
0.00264523
0.00295927
0.00328751
0.00362365
0.00397536
0.00433796
0.00471412
0.00510485
0.00551398
0.00592654
0.00635466
0.00679069
-0.000511205
-0.00055399
-0.000655512
-0.000722594
-0.000739104
-0.000802554
-0.000859892
-0.000880698
-0.000987141
-0.00107819
-0.00110367
-0.00111805
-0.00116621
-0.00130264
-0.00139055
-0.00139493
-0.00133787
-0.00129643
-0.0014223
-0.00155929
-0.00155782
-0.00139456
-0.00124975
-0.00143395
-0.00157602
-0.00130928
-0.00114967
-0.00127947
-0.00124176
-0.00104781
-0.000971359
-0.000916783
-0.000779995
-0.000648394
-0.000520448
-0.000373412
-0.000223011
-4.55968e-05
0.000159561
0.000346055
0.000536059
0.000767499
0.00100983
0.00125094
0.00149966
0.0017725
0.00205293
0.00234441
0.00264657
0.00296025
0.0032884
0.0036244
0.00397594
0.00433848
0.00471455
0.00510533
0.00551451
0.00592717
0.00635543
0.00679148
-0.000533815
-0.00056071
-0.000657996
-0.000748873
-0.00076081
-0.000799755
-0.000870583
-0.000882926
-0.00096507
-0.00106995
-0.00110764
-0.00112371
-0.00114868
-0.00126678
-0.00136291
-0.00138732
-0.00135767
-0.00129156
-0.00137861
-0.00151261
-0.00154613
-0.00143311
-0.00124587
-0.0013647
-0.00155697
-0.00134099
-0.00113757
-0.00124094
-0.00123594
-0.00104957
-0.000956858
-0.000905587
-0.000773915
-0.000641212
-0.000514063
-0.000364574
-0.000214659
-4.32213e-05
0.000162121
0.000353371
0.000541965
0.000769061
0.00101168
0.00125467
0.00150246
0.00177389
0.00205442
0.00234606
0.00264788
0.00296121
0.00328928
0.00362514
0.00397653
0.00433901
0.004715
0.00510582
0.00551505
0.00592779
0.0063562
0.00679227
-0.000561023
-0.000576388
-0.000654676
-0.0007623
-0.000788118
-0.000799163
-0.000874537
-0.000893893
-0.000946957
-0.00105578
-0.00110739
-0.00113205
-0.00114143
-0.00123563
-0.00133622
-0.00137141
-0.0013721
-0.00129907
-0.00134551
-0.00146812
-0.00152088
-0.00146392
-0.00126468
-0.00130279
-0.00151861
-0.00137288
-0.00114017
-0.00120071
-0.00122381
-0.00105587
-0.00094488
-0.000892482
-0.000769202
-0.000634694
-0.000507711
-0.000357585
-0.000206012
-3.98841e-05
0.000163201
0.000359824
0.000548583
0.000770561
0.00101292
0.00125834
0.00150534
0.00177512
0.00205575
0.00234761
0.00264907
0.00296204
0.00329005
0.0036258
0.00397703
0.00433946
0.00471537
0.00510623
0.00551551
0.00592833
0.00635687
0.00679296
-0.000588828
-0.000601406
-0.000655248
-0.000762401
-0.000813464
-0.000806809
-0.000871486
-0.000907724
-0.000937133
-0.0010385
-0.00110259
-0.00113871
-0.00114354
-0.00121039
-0.00131166
-0.00135181
-0.00137689
-0.00131503
-0.0013235
-0.00142925
-0.00148795
-0.00147892
-0.00129978
-0.00125791
-0.00146375
-0.00139853
-0.00115769
-0.00116229
-0.00120416
-0.00106512
-0.000936685
-0.0008775
-0.00076547
-0.000629413
-0.000501027
-0.000352322
-0.000197662
-3.54539e-05
0.000163124
0.000365183
0.00055573
0.000772111
0.00101359
0.00126191
0.00150835
0.00177636
0.00205713
0.00234929
0.0026504
0.00296301
0.00329095
0.00362658
0.00397765
0.00434001
0.00471584
0.00510671
0.00551603
0.0059289
0.00635756
0.00679366
-0.000611942
-0.000631654
-0.000664987
-0.000754888
-0.000829283
-0.000823708
-0.000867219
-0.00091905
-0.000937081
-0.00102182
-0.00109478
-0.00114159
-0.00115228
-0.00119322
-0.00128863
-0.00133343
-0.00137256
-0.00133439
-0.00131262
-0.00139613
-0.00145495
-0.00147802
-0.00134264
-0.00123548
-0.00139905
-0.00141315
-0.00118733
-0.00112984
-0.00117831
-0.00107578
-0.000932962
-0.00086149
-0.000762452
-0.000625914
-0.000494238
-0.00034878
-0.000190502
-3.0282e-05
0.000161985
0.000368941
0.000562785
0.00077346
0.00101344
0.00126488
0.00151097
0.00177711
0.00205802
0.00235056
0.00265138
0.00296369
0.00329159
0.00362715
0.00397807
0.0043404
0.00471616
0.00510706
0.00551643
0.00592935
0.00635813
0.00679424
-0.00062399
-0.000659365
-0.000682093
-0.000745249
-0.000830622
-0.000843432
-0.000866483
-0.000923752
-0.000942825
-0.00100853
-0.00108502
-0.00114091
-0.00116353
-0.00118454
-0.00126717
-0.00131766
-0.00136258
-0.00135167
-0.00131141
-0.00136853
-0.00142484
-0.00146504
-0.00138173
-0.00123301
-0.00133141
-0.00141394
-0.0012236
-0.00110416
-0.0011476
-0.00108517
-0.000932707
-0.000844749
-0.000758924
-0.00062341
-0.000486709
-0.000345764
-0.000183995
-2.37417e-05
0.000161136
0.000371919
0.000570237
0.00077553
0.0010134
0.00126799
0.00151401
0.00177827
0.00205921
0.00235211
0.00265261
0.00296457
0.00329239
0.00362787
0.00397862
0.00434089
0.00471657
0.00510746
0.00551685
0.00592981
0.00635868
0.0067948
-0.000630066
-0.000680963
-0.000704923
-0.000742033
-0.000821648
-0.000860862
-0.000871981
-0.000924246
-0.000950879
-0.0010007
-0.00107572
-0.00113752
-0.00117625
-0.00118373
-0.00124965
-0.00130629
-0.00135059
-0.00136729
-0.00131817
-0.00134913
-0.00140286
-0.00144556
-0.00141687
-0.00124923
-0.00127272
-0.00140483
-0.0012641
-0.00108898
-0.00111667
-0.00109424
-0.000936924
-0.00083018
-0.000756565
-0.000623205
-0.00048035
-0.000344665
-0.000179853
-1.77521e-05
0.000159432
0.000372947
0.000576436
0.000777077
0.00101251
0.00127003
0.00151623
0.00177883
0.00205986
0.00235321
0.00265353
0.00296526
0.00329306
0.00362848
0.00397911
0.00434132
0.00471694
0.00510782
0.00551725
0.00593022
0.00635917
0.0067953
-0.000626602
-0.000697287
-0.000728579
-0.000748949
-0.000808661
-0.000870797
-0.000882673
-0.000921432
-0.000958395
-0.000996431
-0.00106777
-0.00113052
-0.00118308
-0.00118884
-0.00123374
-0.00129835
-0.00133594
-0.00137264
-0.00132863
-0.0013334
-0.00138907
-0.00141943
-0.00143005
-0.00127644
-0.0012265
-0.00138003
-0.00129784
-0.00108473
-0.00108554
-0.00109648
-0.000943226
-0.000817546
-0.000752367
-0.000623696
-0.000473793
-0.00034285
-0.000177127
-1.11576e-05
0.000159289
0.000373038
0.000581916
0.000779453
0.00101206
0.00127177
0.00151849
0.0017796
0.00206049
0.00235414
0.00265425
0.00296573
0.00329349
0.00362887
0.00397939
0.00434157
0.00471713
0.00510802
0.00551747
0.00593048
0.00635951
0.00679561
-0.0006307
-0.000708938
-0.000747331
-0.00076376
-0.000807224
-0.000875288
-0.000897658
-0.000924064
-0.000966733
-0.00100188
-0.00106762
-0.00113113
-0.0011866
-0.00120099
-0.00123081
-0.00129711
-0.00133321
-0.00137214
-0.0013417
-0.00132917
-0.00138591
-0.00140999
-0.00142766
-0.00130356
-0.00121294
-0.00135153
-0.00131414
-0.00109226
-0.00106849
-0.001093
-0.000948175
-0.000812391
-0.000747951
-0.000624087
-0.000470203
-0.000340717
-0.000175956
-6.3374e-06
0.00016073
0.000372992
0.000585367
0.000782209
0.00101229
0.00127291
0.0015204
0.0017807
0.0020614
0.00235534
0.00265544
0.00296675
0.0032944
0.0036297
0.00398005
0.00434215
0.00471761
0.00510842
0.00551785
0.00593084
0.00635995
0.00679603
)
;

boundaryField
{
    zeroGradientPlanes
    {
        type            zeroGradient;
    }
    inlet
    {
        type            zeroGradient;
    }
    plate
    {
        type            zeroGradient;
    }
    frontAndBack
    {
        type            empty;
    }
}


// ************************************************************************* //
