/*--------------------------------*- C++ -*----------------------------------*\
| =========                 |                                                 |
| \\      /  F ield         | OpenFOAM: The Open Source CFD Toolbox           |
|  \\    /   O peration     | Version:  v2012                                 |
|   \\  /    A nd           | Website:  www.openfoam.com                      |
|    \\/     M anipulation  |                                                 |
\*---------------------------------------------------------------------------*/
FoamFile
{
    version     2.0;
    format      ascii;
    class       volScalarField;
    location    "0.4";
    object      p;
}
// * * * * * * * * * * * * * * * * * * * * * * * * * * * * * * * * * * * * * //

dimensions      [0 2 -2 0 0 0 0];


internalField   nonuniform List<scalar> 
8000
(
-4.91297e-11
0.00115914
0.000399714
-0.000934947
-0.000591097
0.00085371
0.00062016
0.000733882
0.000999342
0.000981587
0.000884786
0.00128101
0.00126763
0.0021764
0.00240208
0.00313316
0.00365923
0.00513994
0.00656717
0.00910141
2.8655e-06
0.00114123
0.000397819
-0.000918685
-0.000579782
0.000851096
0.000617997
0.000720354
0.000998994
0.000982086
0.000886734
0.00127756
0.00128273
0.00216882
0.00240641
0.00311806
0.003664
0.00511708
0.00656098
0.0087926
4.70085e-06
0.00112815
0.0003983
-0.000907429
-0.000571336
0.000846543
0.000614078
0.000707634
0.00100063
0.000982643
0.000889117
0.00127287
0.0012955
0.00215842
0.00241256
0.00309866
0.00367146
0.00508409
0.00653117
0.00847133
6.91866e-06
0.00111403
0.000398161
-0.00089571
-0.000562183
0.000841636
0.000610325
0.000695875
0.00100169
0.000983319
0.000891859
0.00126681
0.00130906
0.00214628
0.00242014
0.00307599
0.00367939
0.00504214
0.00647862
0.00818311
9.57304e-06
0.00109901
0.000397551
-0.000883599
-0.000551578
0.000836218
0.000606631
0.000683812
0.00100248
0.000984027
0.000895027
0.00125969
0.00132365
0.00213249
0.00242856
0.00305056
0.00368579
0.00499158
0.00641197
0.00791898
1.2633e-05
0.00108334
0.000396714
-0.000871027
-0.000539856
0.00083029
0.00060317
0.000671433
0.00100364
0.000984501
0.000898787
0.0012517
0.00133883
0.00211706
0.00243743
0.00302282
0.00368917
0.00493542
0.00633211
0.00766778
1.60479e-05
0.00106705
0.000395784
-0.000858023
-0.000527316
0.000824159
0.000600254
0.000658659
0.00100535
0.000984625
0.0009031
0.00124285
0.0013543
0.00210043
0.0024462
0.00299367
0.00368821
0.00487472
0.0062382
0.00742607
1.97382e-05
0.00105021
0.000394927
-0.000844643
-0.000514168
0.000817961
0.000597862
0.000645346
0.00100771
0.000984312
0.000907883
0.00123327
0.00136985
0.00208299
0.0024541
0.00296376
0.00368131
0.0048102
0.00613124
0.00719223
2.36459e-05
0.00103288
0.000394264
-0.000830995
-0.000500588
0.000811653
0.000595897
0.000631467
0.00101069
0.000983516
0.000913004
0.00122312
0.00138516
0.00206515
0.00246021
0.00293356
0.00366766
0.0047427
0.00601258
0.00696456
2.77486e-05
0.00101513
0.000393819
-0.000817205
-0.000486687
0.000805188
0.000594296
0.000617022
0.00101421
0.00098227
0.000918287
0.00121267
0.00139983
0.00204744
0.00246376
0.00290354
0.00364687
0.00467239
0.00588355
0.00674167
3.20413e-05
0.000996997
0.00039356
-0.000803376
-0.000472539
0.00079855
0.000593012
0.000602036
0.00101814
0.000980643
0.000923502
0.00120226
0.00141335
0.00203046
0.00246418
0.00287397
0.00361855
0.00459896
0.0057459
0.00652257
3.65202e-05
0.000978494
0.000393449
-0.000789568
-0.000458198
0.000791732
0.00059201
0.000586571
0.00102235
0.000978761
0.000928373
0.00119225
0.0014252
0.00201468
0.00246107
0.00284475
0.00358273
0.0045221
0.00560136
0.00630638
4.11795e-05
0.000959633
0.000393453
-0.000775815
-0.000443713
0.00078474
0.000591275
0.000570708
0.00102667
0.000976835
0.000932574
0.00118296
0.00143501
0.00200028
0.00245404
0.00281562
0.00353993
0.00444142
0.00545132
0.0060924
4.60125e-05
0.000940424
0.000393541
-0.000762135
-0.000429131
0.000777603
0.000590781
0.000554539
0.00103091
0.000975116
0.000935752
0.00117473
0.00144251
0.00198733
0.00244292
0.00278611
0.00349089
0.00435648
0.00529696
0.00588032
5.10107e-05
0.000920878
0.000393694
-0.000748541
-0.0004145
0.000770364
0.000590486
0.000538186
0.00103487
0.000973873
0.00093757
0.00116779
0.00144746
0.00197573
0.00242785
0.00275545
0.00343633
0.00426697
0.00513936
0.00567007
5.61638e-05
0.000901013
0.000393891
-0.000735028
-0.000399877
0.000763066
0.00059034
0.000521802
0.0010383
0.000973401
0.000937756
0.0011623
0.00144969
0.00196526
0.0024092
0.00272272
0.00337696
0.00417278
0.00497938
0.00546158
6.14591e-05
0.000880849
0.000394118
-0.00072158
-0.000385329
0.000755758
0.000590272
0.000505549
0.00104095
0.000973952
0.000936135
0.00115826
0.0014492
0.0019555
0.00238749
0.00268697
0.00331332
0.00407408
0.00481758
0.00525493
6.68795e-05
0.000860418
0.000394354
-0.00070817
-0.000370931
0.000748499
0.000590189
0.000489604
0.0010426
0.000975693
0.000932569
0.0011556
0.00144621
0.0019457
0.0023634
0.00264749
0.0032457
0.00397128
0.00465446
0.00505024
7.24034e-05
0.000839762
0.000394578
-0.000694772
-0.000356766
0.000741359
0.000589994
0.000474131
0.00104307
0.000978835
0.000926907
0.00115424
0.00144123
0.00193493
0.00233763
0.00260391
0.00317412
0.00386497
0.0044905
0.00484759
7.8004e-05
0.000818929
0.000394763
-0.000681355
-0.000342929
0.00073442
0.000589592
0.000459273
0.0010422
0.000983345
0.000919077
0.00115373
0.00143498
0.00192224
0.00231062
0.00255606
0.00309838
0.0037558
0.00432625
0.00464712
8.36475e-05
0.00079798
0.000394878
-0.000667873
-0.00032952
0.000727751
0.0005889
0.000445164
0.00103986
0.000989218
0.000909277
0.0011535
0.0014282
0.0019069
0.00228242
0.00250402
0.00301828
0.00364442
0.00416227
0.00444891
8.92929e-05
0.000776989
0.000394887
-0.000654276
-0.000316642
0.000721404
0.000587841
0.000431904
0.00103598
0.000996328
0.000897895
0.0011528
0.00142151
0.00188847
0.00225281
0.00244814
0.00293365
0.00353133
0.00399921
0.00425305
9.48915e-05
0.00075604
0.000394755
-0.000640522
-0.000304388
0.000715428
0.000586359
0.000419544
0.00103059
0.00100445
0.000885437
0.00115086
0.00141523
0.00186676
0.00222147
0.00238892
0.00284431
0.0034168
0.00383779
0.00405969
0.000100388
0.00073523
0.000394444
-0.000626575
-0.000292857
0.000709864
0.000584432
0.000408046
0.0010238
0.00101331
0.000872494
0.00114711
0.00140939
0.0018418
0.002188
0.00232691
0.00275004
0.00330083
0.00367877
0.00386914
0.000105718
0.000714664
0.00039392
-0.000612394
-0.000282149
0.000704733
0.000582078
0.0003973
0.00101579
0.00102254
0.000859583
0.00114125
0.00140395
0.00181377
0.00215195
0.00226267
0.00265082
0.00318321
0.0035229
0.00368186
0.000110812
0.000694454
0.000393154
-0.000597951
-0.000272333
0.000700002
0.000579347
0.000387186
0.00100682
0.00103176
0.000846965
0.00113308
0.00139869
0.00178286
0.00211272
0.00219679
0.00254694
0.00306351
0.00337073
0.00349846
0.00011559
0.000674722
0.000392122
-0.000583243
-0.000263451
0.000695603
0.000576369
0.000377516
0.000997101
0.00104072
0.000834824
0.00112253
0.00139327
0.00174926
0.00206973
0.00212981
0.00243899
0.00294119
0.00322255
0.00331963
0.00011997
0.000655588
0.000390809
-0.000568271
-0.000255519
0.00069144
0.000573334
0.000368029
0.000986813
0.00104935
0.000823129
0.00110961
0.00138748
0.00171323
0.00202246
0.00206204
0.00232774
0.00281577
0.00307837
0.00314605
0.000123864
0.000637161
0.000389224
-0.000553067
-0.000248532
0.000687376
0.000570455
0.00035851
0.000976051
0.00105761
0.000811618
0.00109427
0.00138117
0.00167513
0.00197049
0.00199359
0.00221413
0.00268696
0.002938
0.00297829
0.000127178
0.000619552
0.000387405
-0.000537689
-0.000242448
0.000683216
0.000567946
0.000348856
0.000964811
0.00106557
0.000800087
0.00107638
0.00137406
0.00163533
0.00191353
0.00192438
0.00209921
0.00255463
0.00280095
0.00281681
0.000129817
0.000602867
0.000385406
-0.000522194
-0.000237183
0.000678721
0.000565984
0.000339035
0.000952942
0.00107337
0.000788589
0.00105574
0.00136579
0.00159422
0.00185144
0.00185421
0.00198411
0.00241883
0.00266655
0.00266192
0.000131699
0.000587194
0.000383308
-0.000506689
-0.000232643
0.00067369
0.000564666
0.000329088
0.000940204
0.00108109
0.000777312
0.0010321
0.00135592
0.00155223
0.0017842
0.00178276
0.00186994
0.00227986
0.00253397
0.00251375
0.000132745
0.000572595
0.000381227
-0.000491329
-0.000228695
0.000667951
0.000563988
0.00031919
0.000926335
0.00108862
0.000766465
0.00100529
0.00134399
0.00150987
0.00171195
0.00170946
0.00175768
0.00213838
0.00240245
0.00237222
0.000132879
0.000559102
0.000379319
-0.000476278
-0.000225187
0.000661358
0.000563853
0.000309617
0.000911118
0.00109574
0.000756361
0.000975272
0.00132946
0.0014676
0.00163509
0.00163363
0.00164798
0.00199519
0.00227131
0.00223716
0.000132041
0.000546702
0.00037778
-0.000461697
-0.000222011
0.000653816
0.000564066
0.000300671
0.000894522
0.00110213
0.000747232
0.000942091
0.00131172
0.00142572
0.00155419
0.00155463
0.00154122
0.00185106
0.0021399
0.00210842
0.000130186
0.000535342
0.000376844
-0.000447757
-0.000219148
0.000645348
0.000564341
0.000292542
0.000876644
0.00110739
0.00073915
0.000905969
0.00129024
0.00138443
0.00146994
0.00147195
0.00143777
0.00170673
0.00200732
0.00198579
0.000127286
0.00052492
0.000376783
-0.000434568
-0.000216647
0.000636074
0.000564353
0.000285234
0.000857684
0.00111114
0.000731975
0.000867311
0.00126463
0.00134378
0.00138316
0.00138518
0.00133808
0.00156319
0.00187235
0.00186875
0.00012334
0.000515274
0.000377884
-0.000422157
-0.000214634
0.000626171
0.000563797
0.000278643
0.000837965
0.00111313
0.000725483
0.000826436
0.00123459
0.00130374
0.00129473
0.0012939
0.00124243
0.00142201
0.00173364
0.00175602
0.000118374
0.000506191
0.000380428
-0.000410558
-0.000213362
0.000615933
0.000562526
0.000272497
0.000817793
0.00111334
0.000719293
0.000783512
0.00119991
0.00126426
0.00120567
0.00119758
0.00115057
0.00128548
0.00159047
0.00164551
0.000112449
0.000497393
0.000384661
-0.000399603
-0.000213242
0.000605639
0.000560613
0.00026634
0.000797299
0.00111184
0.00071307
0.000738633
0.0011604
0.00122528
0.00111719
0.00109583
0.00106135
0.00115622
0.0014435
0.00153464
0.000105669
0.000488511
0.000390766
-0.000388908
-0.000214774
0.000595413
0.000558242
0.000259678
0.000776391
0.00110886
0.000706748
0.000691885
0.00111584
0.00118652
0.00103067
0.000988851
0.000972836
0.00103636
0.00129502
0.00142101
9.81881e-05
0.000479147
0.000398833
-0.00037802
-0.000218409
0.000585216
0.000555693
0.00025212
0.000754849
0.00110471
0.000700464
0.000643352
0.00106601
0.00114753
0.000947325
0.000877592
0.000882727
0.000926839
0.00114868
0.00130317
9.01733e-05
0.000468954
0.000408828
-0.000366369
-0.000224497
0.000574829
0.000553365
0.000243433
0.000732292
0.00109953
0.000694384
0.000593118
0.00101082
0.00110785
0.000867904
0.000763559
0.000789121
0.000827335
0.00100881
0.00118096
8.18049e-05
0.000457645
0.000420524
-0.000353265
-0.000233202
0.000563766
0.000551738
0.000233619
0.00070806
0.00109324
0.000688882
0.000541389
0.000950097
0.00106716
0.000792734
0.000648284
0.000690833
0.00073642
0.000879846
0.00105575
7.32971e-05
0.00044496
0.000433492
-0.000337952
-0.000244482
0.000551301
0.000551191
0.000222939
0.000681418
0.00108553
0.000684461
0.000488625
0.000883599
0.00102518
0.000722102
0.000532978
0.000587258
0.000651548
0.000765448
0.000930813
6.48742e-05
0.00043067
0.000447171
-0.000319754
-0.000258077
0.000536635
0.000551834
0.000211802
0.00065196
0.00107591
0.000681386
0.00043558
0.000811065
0.000981539
0.00065668
0.000418637
0.000478333
0.000569318
0.000667344
0.000810935
5.67811e-05
0.000414606
0.000460829
-0.000298074
-0.000273387
0.000518957
0.000553476
0.000200683
0.000619594
0.00106389
0.000679589
0.00038318
0.000732388
0.00093549
0.000597517
0.000306295
0.000364452
0.000486179
0.000584455
0.000701308
4.92792e-05
0.000396732
0.000473607
-0.000272523
-0.000289533
0.000497507
0.000555725
0.000190086
0.000584277
0.00104894
0.000678925
0.000332354
0.000647799
0.000885842
0.000545635
0.000197273
0.000246371
0.000399079
0.000512715
0.000606309
4.25516e-05
0.000376971
0.000484764
-0.000242945
-0.000305523
0.000471807
0.000557885
0.00018054
0.000546092
0.0010305
0.00067922
0.000284012
0.000557868
0.000831024
0.000501727
9.32362e-05
0.000125223
0.000306436
0.000445962
0.000527619
3.6705e-05
0.000355371
0.000493679
-0.000209341
-0.000320295
0.00044173
0.000558999
0.000172267
0.000505323
0.00100819
0.00068019
0.000239043
0.000463537
0.000769148
0.000465986
-3.76815e-06
1.79007e-06
0.000208852
0.000378505
0.00046308
3.17885e-05
0.000332069
0.000499752
-0.000172654
-0.000332719
0.000407331
0.000558098
0.000165262
0.000462191
0.000981847
0.000681598
0.000198121
0.000366231
0.000698257
0.000437817
-9.06185e-05
-0.000124244
0.000107544
0.000307289
0.000408232
2.78313e-05
0.000308209
0.000502449
-0.000133349
-0.00034179
0.000369077
0.000554318
0.000159416
0.000416896
0.000951181
0.000683357
0.00016168
0.000267764
0.000616744
0.000415064
-0.000162931
-0.000253135
2.1841e-06
0.000231984
0.00035836
2.48608e-05
0.000283682
0.000501302
-9.24103e-05
-0.000346754
0.000328023
0.000547013
0.000154404
0.000369799
0.000915679
0.000685498
0.000130191
0.000170146
0.000523774
0.000393242
-0.000216216
-0.000382712
-0.000109557
0.000153342
0.000310034
2.28087e-05
0.000258927
0.000496044
-5.10467e-05
-0.000347104
0.000285389
0.000535764
0.00014967
0.000321099
0.000874893
0.000688016
0.000104273
7.55064e-05
0.000419832
0.000366328
-0.000247492
-0.000506844
-0.000231107
7.08268e-05
0.000261435
2.15149e-05
0.000234391
0.000486599
-1.04719e-05
-0.000342539
0.000242172
0.000520408
0.000144773
0.000270686
0.000828391
0.000690643
8.45849e-05
-1.41367e-05
0.000307169
0.000328269
-0.000257545
-0.000616856
-0.000364083
-1.86373e-05
0.00021072
2.08932e-05
0.000210439
0.000473034
2.82771e-05
-0.000333141
0.000199296
0.000501165
0.000139505
0.000218466
0.000775538
0.00069279
7.17986e-05
-9.73161e-05
0.000189421
0.000274393
-0.000252276
-0.000703862
-0.000505147
-0.00011945
0.00015524
2.07895e-05
0.000187371
0.000455606
6.42865e-05
-0.000319454
0.000157647
0.000478545
0.000133674
0.000164644
0.00071542
0.000693404
6.6762e-05
-0.000172948
7.06924e-05
0.000202429
-0.00024108
-0.000760749
-0.000646142
-0.000234737
9.19068e-05
2.10433e-05
0.000165425
0.000434713
9.67638e-05
-0.000302187
0.000117742
0.000453084
0.000127456
0.00010972
0.000647048
0.000690828
7.03318e-05
-0.000240004
-4.49829e-05
0.000113184
-0.000234271
-0.000785114
-0.000776995
-0.000364455
1.75243e-05
2.14936e-05
0.000144754
0.000410893
0.000125115
-0.000282129
8.00188e-05
0.000425163
0.000121336
5.45109e-05
0.000569643
0.000682723
8.27955e-05
-0.000297571
-0.000154346
1.08686e-05
-0.000242215
-0.000781601
-0.000886067
-0.000504221
-7.10341e-05
2.2003e-05
0.000125426
0.000384757
0.000148929
-0.000260084
4.47318e-05
0.000395006
0.0001158
7.92479e-08
0.000482903
0.000666224
0.000103672
-0.000344726
-0.000255486
-9.75053e-05
-0.000272745
-0.00076166
-0.000962224
-0.000645021
-0.00017569
2.24483e-05
0.000107454
0.000356872
0.000167889
-0.000236852
1.19466e-05
0.000362762
0.000111105
-5.17866e-05
0.000387378
0.000637885
0.000131541
-0.000379879
-0.000348162
-0.000204606
-0.00032723
-0.000739622
-0.00100139
-0.00077388
-0.000294711
2.27151e-05
9.07977e-05
0.000327746
0.000181916
-0.000213485
-1.84986e-05
0.000328539
0.00010715
-9.88152e-05
0.000285084
0.000593759
0.000163531
-0.000400387
-0.000433046
-0.000305339
-0.000399498
-0.000730034
-0.00101026
-0.000877429
-0.000421589
2.26979e-05
7.53867e-05
0.000297791
0.00019121
-0.000190785
-4.68117e-05
0.000292287
0.000103397
-0.000139053
0.000178905
0.000530848
0.000194649
-0.0004036
-0.000509567
-0.000397835
-0.000480049
-0.000741959
-0.00100168
-0.000947321
-0.000545787
2.22986e-05
6.11318e-05
0.000267337
0.000196092
-0.000169228
-7.32136e-05
0.000253883
9.90813e-05
-0.000171422
7.25844e-05
0.000448773
0.000217759
-0.000389261
-0.000574534
-0.000482336
-0.000560832
-0.000776308
-0.000991396
-0.000984953
-0.000655608
2.1435e-05
4.79255e-05
0.000236673
0.000196819
-0.000149168
-9.79834e-05
0.000213292
9.33089e-05
-0.000195662
-2.94609e-05
0.000349743
0.000225294
-0.000360536
-0.000623422
-0.000558768
-0.000636291
-0.000827201
-0.000994344
-0.00100126
-0.000742602
2.00283e-05
3.56646e-05
0.000206033
0.000193559
-0.00013078
-0.000121307
0.000170516
8.50538e-05
-0.000212433
-0.000122755
0.000237589
0.000211833
-0.000323224
-0.000653276
-0.000625536
-0.000703533
-0.000885631
-0.00101836
-0.00101242
-0.000805774
1.79859e-05
2.42691e-05
0.000175593
0.000186457
-0.000114057
-0.000143136
0.000125494
7.33896e-05
-0.000223207
-0.000203952
0.000117237
0.000174941
-0.000285907
-0.000664695
-0.000679596
-0.0007612
-0.000944073
-0.00106225
-0.00103559
-0.000852616
1.5204e-05
1.36836e-05
0.000145534
0.000175582
-9.90924e-05
-0.000163346
7.82124e-05
5.75638e-05
-0.000229622
-0.000271608
-4.74619e-06
0.000115076
-0.000257176
-0.000660744
-0.000718437
-0.000807719
-0.000997156
-0.00111782
-0.00108192
-0.000895934
1.15904e-05
3.84139e-06
0.000116075
0.000160985
-8.62119e-05
-0.000181483
2.89479e-05
3.68248e-05
-0.000233369
-0.00032596
-0.000121317
3.56952e-05
-0.000243589
-0.000647792
-0.000742985
-0.000840945
-0.00104133
-0.00117535
-0.00115106
-0.000949396
7.07202e-06
-5.3686e-06
8.74598e-05
0.000142783
-7.59134e-05
-0.000196912
-2.15949e-05
1.03176e-05
-0.000236059
-0.000368156
-0.000227424
-5.82418e-05
-0.000249133
-0.000633017
-0.000756349
-0.000859929
-0.00107461
-0.00122633
-0.00123127
-0.00102089
1.58206e-06
-1.41523e-05
5.9956e-05
0.000121212
-6.87982e-05
-0.000209164
-7.2348e-05
-2.27287e-05
-0.000239499
-0.000399636
-0.00032059
-0.000160001
-0.000274673
-0.000622452
-0.000763937
-0.00086697
-0.00109543
-0.00126496
-0.00130844
-0.00110852
-4.91363e-06
-2.27055e-05
3.38154e-05
9.67155e-05
-6.55238e-05
-0.000218256
-0.000121915
-6.24103e-05
-0.000245903
-0.000422101
-0.000399701
-0.000262679
-0.000318019
-0.000620934
-0.000771198
-0.000865872
-0.00110384
-0.00128906
-0.0013685
-0.00120249
-1.24206e-05
-3.12491e-05
9.19011e-06
6.98957e-05
-6.67248e-05
-0.000224822
-0.000168611
-0.00010792
-0.00025753
-0.000437723
-0.000464214
-0.000361203
-0.000375775
-0.00063137
-0.000782404
-0.000861565
-0.00110182
-0.00130018
-0.00140184
-0.00128825
-2.09272e-05
-3.99952e-05
-1.39054e-05
4.14599e-05
-7.28532e-05
-0.000229979
-0.00021074
-0.000157702
-0.000276104
-0.000449413
-0.000514403
-0.000451865
-0.000443299
-0.000653988
-0.000801272
-0.000858308
-0.00108987
-0.00130343
-0.00140965
-0.00135095
-3.04001e-05
-4.91388e-05
-3.55956e-05
1.21767e-05
-8.39732e-05
-0.000235063
-0.000247107
-0.000209748
-0.000302479
-0.000460702
-0.000552039
-0.000531432
-0.000515625
-0.000687434
-0.000830307
-0.000861225
-0.00106781
-0.00130039
-0.0014041
-0.00138437
-4.07966e-05
-5.88251e-05
-5.6128e-05
-1.72372e-05
-9.96056e-05
-0.000241615
-0.000277496
-0.000261629
-0.000336431
-0.00047486
-0.000579869
-0.000597837
-0.000588026
-0.000729067
-0.000869014
-0.00087625
-0.00103834
-0.00128677
-0.00139576
-0.0013954
-5.20675e-05
-6.91534e-05
-7.57915e-05
-4.623e-05
-0.000118864
-0.000251107
-0.000302755
-0.000310683
-0.000376629
-0.000494333
-0.00060119
-0.000650857
-0.000656431
-0.000774915
-0.000914525
-0.000907318
-0.00100943
-0.00125738
-0.00138582
-0.00139509
-6.41566e-05
-8.0187e-05
-9.48538e-05
-7.45134e-05
-0.000140712
-0.000264546
-0.000324531
-0.000354567
-0.00042067
-0.000520787
-0.000619838
-0.000691389
-0.000718296
-0.000820941
-0.000962435
-0.000954858
-0.000991923
-0.00121266
-0.00136754
-0.00139085
-7.70032e-05
-9.19528e-05
-0.000113536
-0.000102052
-0.000164061
-0.000282139
-0.000344713
-0.000392175
-0.00046564
-0.000554365
-0.000640235
-0.000720888
-0.000771892
-0.000865512
-0.00100624
-0.00101316
-0.000996005
-0.00116208
-0.0013336
-0.00138171
-9.05433e-05
-0.000104453
-0.000131985
-0.000129007
-0.000187936
-0.000303288
-0.00036529
-0.0004239
-0.000508532
-0.000592962
-0.000666573
-0.000742299
-0.000814376
-0.000909218
-0.00104224
-0.00107252
-0.00102461
-0.00112162
-0.00128597
-0.001362
-0.000104709
-0.00011768
-0.000150263
-0.000155627
-0.000211642
-0.000326864
-0.000387939
-0.000451123
-0.000547189
-0.000633106
-0.000700841
-0.000761375
-0.000842928
-0.000950723
-0.00107297
-0.0011234
-0.0010696
-0.00110417
-0.00123791
-0.00133111
-0.000119425
-0.00013163
-0.000168357
-0.000182126
-0.00023489
-0.000351584
-0.000413611
-0.00047545
-0.000581046
-0.000671436
-0.000741079
-0.000785761
-0.000858352
-0.000984769
-0.00110307
-0.00116204
-0.001119
-0.00111128
-0.00120602
-0.001298
-0.000134606
-0.000146307
-0.000186214
-0.000208606
-0.000257805
-0.000376128
-0.000442414
-0.000498467
-0.00061065
-0.000705903
-0.000781971
-0.000821118
-0.0008666
-0.00100438
-0.00113346
-0.00119274
-0.00116418
-0.00113352
-0.00119727
-0.00127653
-0.000150157
-0.000161709
-0.000203781
-0.000234996
-0.000280815
-0.000399316
-0.00047371
-0.000521772
-0.00063657
-0.000736905
-0.000818235
-0.000866754
-0.000878171
-0.00100635
-0.00115908
-0.00122156
-0.00120351
-0.00116151
-0.00120457
-0.00127447
-0.000165966
-0.000177818
-0.000221056
-0.00026104
-0.000304445
-0.000420401
-0.000506172
-0.000546934
-0.000659019
-0.000766153
-0.000846687
-0.000915138
-0.000903863
-0.000995753
-0.00117172
-0.00125005
-0.00124058
-0.00119202
-0.00121733
-0.00128726
-0.000181921
-0.000194567
-0.000238115
-0.000286343
-0.000329072
-0.000439347
-0.000538082
-0.000575186
-0.000678253
-0.000794618
-0.00086873
-0.000957284
-0.000947243
-0.000984486
-0.00116598
-0.00127405
-0.00127785
-0.00122732
-0.0012322
-0.0013052
-0.000197915
-0.000211832
-0.000255087
-0.000310485
-0.000354775
-0.000456836
-0.000567598
-0.000606939
-0.000695226
-0.000821441
-0.000889203
-0.000986238
-0.00100124
-0.00098721
-0.00114483
-0.00128647
-0.00131391
-0.00126942
-0.00125258
-0.00132157
-0.000213852
-0.000229431
-0.000272106
-0.00033314
-0.00038125
-0.000473936
-0.0005932
-0.000641405
-0.000711908
-0.000844417
-0.00091224
-0.00100158
-0.00105366
-0.00101248
-0.00111919
-0.00128234
-0.0013436
-0.00131669
-0.00128373
-0.0013367
-0.00022964
-0.000247138
-0.000289265
-0.00035416
-0.000407861
-0.000491678
-0.000614237
-0.000676608
-0.000730866
-0.000861698
-0.000938937
-0.00101
-0.00109347
-0.00105688
-0.00110386
-0.00126395
-0.00136064
-0.00136307
-0.00132685
-0.00135582
-0.000245197
-0.000264705
-0.00030657
-0.000373595
-0.000433797
-0.000510778
-0.000631213
-0.00071
-0.00075409
-0.000873441
-0.000966495
-0.00101937
-0.00111548
-0.00110818
-0.00110908
-0.00124033
-0.00136203
-0.00140046
-0.00137658
-0.00138337
-0.000260435
-0.000281878
-0.000323922
-0.00039166
-0.000458259
-0.000531371
-0.000645529
-0.000739148
-0.000781797
-0.000882161
-0.000990271
-0.00103475
-0.00112392
-0.00115393
-0.0011348
-0.00122323
-0.00135111
-0.00142287
-0.00142361
-0.001419
-0.000275257
-0.000298422
-0.00034111
-0.000408625
-0.000480668
-0.000552929
-0.000658792
-0.000762631
-0.000812132
-0.000891693
-0.00100718
-0.00105604
-0.00112732
-0.00118578
-0.00117206
-0.00122092
-0.00133552
-0.00142953
-0.00145955
-0.00145771
-0.000289543
-0.00031414
-0.000357842
-0.000424685
-0.000500783
-0.000574519
-0.000672299
-0.000780551
-0.000842069
-0.000905162
-0.00101737
-0.00107904
-0.00113275
-0.00120318
-0.00120999
-0.00123413
-0.00132396
-0.00142506
-0.00148075
-0.00149295
-0.00030314
-0.000328863
-0.0003738
-0.000439911
-0.000518625
-0.000595195
-0.000686684
-0.000794166
-0.000868703
-0.000923315
-0.00102358
-0.00109914
-0.00114361
-0.00121174
-0.00124043
-0.00125705
-0.00132176
-0.00141644
-0.00148896
-0.00151993
-0.000315872
-0.000342425
-0.000388668
-0.000454254
-0.000534335
-0.000614156
-0.000701905
-0.000805204
-0.000890117
-0.000944485
-0.0010294
-0.00111374
-0.00115873
-0.00121801
-0.00126124
-0.001282
-0.00132887
-0.00140975
-0.00148919
-0.00153748
-0.000327538
-0.000354666
-0.00040215
-0.000467536
-0.000548127
-0.000630812
-0.000717204
-0.000815393
-0.000906153
-0.000965798
-0.00103747
-0.0011229
-0.00117427
-0.00122587
-0.00127539
-0.0013042
-0.00134191
-0.00140775
-0.00148586
-0.00154696
-0.000337893
-0.000365427
-0.000413978
-0.000479478
-0.000560158
-0.000644983
-0.000731449
-0.000825439
-0.000918111
-0.00098486
-0.00104824
-0.00112865
-0.00118709
-0.00123516
-0.00128584
-0.00132298
-0.0013585
-0.00141153
-0.00148258
-0.00155119
-0.000346699
-0.000374534
-0.000423929
-0.000489719
-0.00057035
-0.000656731
-0.000743888
-0.000834824
-0.000927102
-0.00100067
-0.0010604
-0.00113323
-0.00119649
-0.00124467
-0.0012932
-0.00133526
-0.00137438
-0.00142313
-0.00148793
-0.00155664
-0.000353789
-0.000381768
-0.000431809
-0.000497936
-0.000578384
-0.000665707
-0.000753672
-0.000842644
-0.000932735
-0.00101138
-0.00107176
-0.00113723
-0.00120296
-0.00125431
-0.00130125
-0.00134368
-0.00138311
-0.00142748
-0.00148591
-0.00155524
-0.000359194
-0.000387899
-0.000438932
-0.000506109
-0.000586944
-0.00067512
-0.000764126
-0.000852796
-0.0009409
-0.00102121
-0.0010843
-0.00114504
-0.00120915
-0.00126319
-0.00131027
-0.00135414
-0.00139659
-0.00144242
-0.00149846
-0.00156515
0.0120615
0.00656809
-0.000268587
-0.00543272
-0.00721007
-0.006736
-0.00585569
-0.00526905
-0.00503795
-0.00495072
-0.00484676
-0.00478468
-0.00479815
-0.00476078
-0.00470194
-0.00472807
-0.00475551
-0.00475148
-0.00476483
-0.00475946
-0.00474391
-0.00476467
-0.00477923
-0.00478389
-0.00482777
-0.00487485
-0.00488152
-0.00486756
-0.0048352
-0.00478453
-0.00473476
-0.00468168
-0.00462526
-0.00456661
-0.00449941
-0.00442657
-0.004362
-0.00429206
-0.00421263
-0.0041341
-0.00405935
-0.00398368
-0.00390199
-0.00382343
-0.00374071
-0.00365995
-0.00357432
-0.0034888
-0.00340206
-0.00331103
-0.00322282
-0.00312646
-0.00303413
-0.00293322
-0.00283167
-0.00272574
-0.00261146
-0.00249519
-0.00236528
-0.00223367
0.0114978
0.00647364
-0.00022704
-0.0053499
-0.00715501
-0.00670992
-0.00584047
-0.00525875
-0.00503054
-0.00494502
-0.004842
-0.00478058
-0.00479477
-0.00475793
-0.00469939
-0.00472587
-0.00475362
-0.00474976
-0.00476331
-0.00475812
-0.00474269
-0.00476359
-0.00477828
-0.00478304
-0.00482702
-0.00487422
-0.00488099
-0.00486712
-0.00483485
-0.00478424
-0.00473452
-0.00468149
-0.00462511
-0.00456649
-0.00449932
-0.0044265
-0.00436195
-0.00429203
-0.00421261
-0.00413408
-0.00405934
-0.00398367
-0.00390199
-0.00382342
-0.00374071
-0.00365995
-0.00357432
-0.0034888
-0.00340206
-0.00331103
-0.00322282
-0.00312646
-0.00303413
-0.00293322
-0.00283167
-0.00272574
-0.00261146
-0.00249519
-0.00236527
-0.00223364
0.0110115
0.00639571
-0.000132522
-0.00519204
-0.00705992
-0.00667567
-0.0058251
-0.0052476
-0.00502189
-0.00493842
-0.00483678
-0.00477626
-0.0047912
-0.00475492
-0.00469683
-0.00472379
-0.00475188
-0.00474819
-0.00476193
-0.0047569
-0.00474158
-0.00476261
-0.00477742
-0.00478224
-0.00482634
-0.00487365
-0.0048805
-0.0048667
-0.0048345
-0.00478395
-0.00473428
-0.0046813
-0.00462496
-0.00456637
-0.00449923
-0.00442643
-0.00436189
-0.00429199
-0.00421257
-0.00413406
-0.00405932
-0.00398366
-0.00390198
-0.00382342
-0.00374071
-0.00365995
-0.00357432
-0.0034888
-0.00340206
-0.00331103
-0.00322282
-0.00312646
-0.00303413
-0.00293322
-0.00283167
-0.00272574
-0.00261145
-0.00249519
-0.00236527
-0.0022336
0.0105569
0.00631373
-1.88627e-05
-0.00500066
-0.00693382
-0.00662764
-0.00580208
-0.00523045
-0.00500844
-0.00492841
-0.00482948
-0.00477053
-0.00478626
-0.0047506
-0.0046932
-0.00472089
-0.0047495
-0.00474612
-0.00476014
-0.00475533
-0.00474016
-0.00476133
-0.00477625
-0.00478117
-0.0048254
-0.00487284
-0.00487978
-0.00486607
-0.00483398
-0.0047835
-0.00473391
-0.00468101
-0.00462472
-0.00456619
-0.00449909
-0.00442631
-0.0043618
-0.00429192
-0.00421252
-0.00413402
-0.0040593
-0.00398364
-0.00390197
-0.00382341
-0.00374071
-0.00365994
-0.00357432
-0.0034888
-0.00340206
-0.00331103
-0.00322282
-0.00312646
-0.00303413
-0.00293322
-0.00283167
-0.00272574
-0.00261145
-0.00249519
-0.00236528
-0.00223356
0.0101064
0.00621764
9.72301e-05
-0.00480115
-0.00679748
-0.00657354
-0.00577528
-0.00520911
-0.00499052
-0.0049146
-0.00481954
-0.00476291
-0.00477957
-0.00474462
-0.00468815
-0.00471676
-0.0047461
-0.00474321
-0.00475761
-0.00475318
-0.00473828
-0.00475957
-0.00477455
-0.0047796
-0.00482399
-0.00487157
-0.00487863
-0.00486507
-0.00483311
-0.00478277
-0.0047333
-0.0046805
-0.0046243
-0.00456585
-0.00449883
-0.00442611
-0.00436164
-0.00429179
-0.00421242
-0.00413395
-0.00405924
-0.0039836
-0.00390194
-0.00382339
-0.00374069
-0.00365994
-0.00357432
-0.0034888
-0.00340206
-0.00331103
-0.00322282
-0.00312646
-0.00303413
-0.00293323
-0.00283166
-0.00272575
-0.00261145
-0.0024952
-0.00236529
-0.00223352
0.00965919
0.00610908
0.000213029
-0.00459987
-0.00665695
-0.00651723
-0.00574801
-0.00518641
-0.00497015
-0.00489817
-0.00480753
-0.00475375
-0.00477146
-0.00473727
-0.00468181
-0.00471139
-0.00474159
-0.00473931
-0.00475418
-0.0047503
-0.00473585
-0.00475727
-0.00477227
-0.00477741
-0.00482193
-0.00486966
-0.00487689
-0.00486353
-0.00483177
-0.00478162
-0.00473233
-0.00467968
-0.00462361
-0.00456529
-0.0044984
-0.00442577
-0.00436136
-0.00429157
-0.00421225
-0.00413382
-0.00405915
-0.00398353
-0.00390188
-0.00382336
-0.00374067
-0.00365992
-0.00357431
-0.00348879
-0.00340206
-0.00331103
-0.00322282
-0.00312646
-0.00303413
-0.00293323
-0.00283167
-0.00272575
-0.00261145
-0.00249521
-0.00236533
-0.00223348
0.0092192
0.00599017
0.000327528
-0.00439807
-0.00651295
-0.00645905
-0.00572081
-0.00516322
-0.00494842
-0.00488012
-0.00479414
-0.00474355
-0.00476248
-0.00472913
-0.00467464
-0.00470509
-0.00473618
-0.00473455
-0.00474987
-0.00474668
-0.00473287
-0.00475447
-0.00476947
-0.00477464
-0.00481919
-0.004867
-0.00487446
-0.00486139
-0.00482991
-0.00478
-0.00473094
-0.00467849
-0.00462259
-0.00456445
-0.00449773
-0.00442525
-0.00436093
-0.00429122
-0.00421198
-0.00413361
-0.00405899
-0.0039834
-0.00390179
-0.00382329
-0.00374062
-0.00365989
-0.00357429
-0.00348878
-0.00340205
-0.00331103
-0.00322282
-0.00312646
-0.00303413
-0.00293323
-0.00283167
-0.00272576
-0.00261146
-0.00249522
-0.00236537
-0.00223344
0.00878948
0.00586122
0.000439231
-0.00419604
-0.00636507
-0.0063984
-0.00569349
-0.00513976
-0.00492571
-0.00486089
-0.00477973
-0.00473261
-0.00475297
-0.00472054
-0.004667
-0.00469822
-0.00473016
-0.00472919
-0.0047449
-0.00474243
-0.00472939
-0.00475127
-0.00476629
-0.00477145
-0.00481587
-0.00486364
-0.00487134
-0.00485864
-0.00482751
-0.00477794
-0.00472915
-0.00467692
-0.00462122
-0.0045633
-0.00449681
-0.00442452
-0.00436033
-0.00429072
-0.00421158
-0.00413331
-0.00405875
-0.00398321
-0.00390164
-0.00382318
-0.00374055
-0.00365983
-0.00357425
-0.00348876
-0.00340204
-0.00331102
-0.00322282
-0.00312646
-0.00303413
-0.00293324
-0.00283167
-0.00272577
-0.00261146
-0.00249524
-0.00236544
-0.0022334
0.008372
0.00572215
0.000546853
-0.00399372
-0.00621279
-0.0063348
-0.00566598
-0.00511626
-0.00490223
-0.00484063
-0.00476444
-0.00472106
-0.00474303
-0.00471162
-0.00465904
-0.00469098
-0.00472375
-0.00472343
-0.00473947
-0.0047377
-0.00472551
-0.00474776
-0.00476287
-0.00476801
-0.00481217
-0.00485974
-0.00486761
-0.00485533
-0.00482466
-0.00477549
-0.00472702
-0.00467504
-0.00461956
-0.00456188
-0.00449565
-0.00442359
-0.00435955
-0.00429006
-0.00421106
-0.00413291
-0.00405843
-0.00398296
-0.00390145
-0.00382303
-0.00374044
-0.00365975
-0.0035742
-0.00348873
-0.00340202
-0.00331102
-0.00322281
-0.00312646
-0.00303413
-0.00293324
-0.00283167
-0.00272578
-0.00261147
-0.00249525
-0.00236551
-0.00223337
0.00796831
0.00557338
0.000649517
-0.0037912
-0.00605603
-0.00626807
-0.00563836
-0.00509293
-0.0048781
-0.00481936
-0.0047483
-0.00470894
-0.0047327
-0.0047024
-0.0046508
-0.00468345
-0.00471705
-0.00471737
-0.00473372
-0.00473262
-0.00472131
-0.004744
-0.00475928
-0.00476444
-0.00480825
-0.00485547
-0.00486343
-0.00485159
-0.00482145
-0.00477275
-0.00472464
-0.00467292
-0.00461766
-0.00456023
-0.0044943
-0.00442249
-0.00435862
-0.00428927
-0.00421043
-0.00413242
-0.00405804
-0.00398264
-0.00390119
-0.00382284
-0.00374029
-0.00365965
-0.00357412
-0.00348868
-0.00340199
-0.003311
-0.00322281
-0.00312646
-0.00303413
-0.00293325
-0.00283168
-0.0027258
-0.00261148
-0.00249527
-0.0023656
-0.00223335
0.00757956
0.00541577
0.000746384
-0.00358906
-0.00589509
-0.00619807
-0.00561055
-0.00506988
-0.00485338
-0.00479711
-0.00473131
-0.00469624
-0.00472197
-0.00469285
-0.00464228
-0.00467566
-0.00471009
-0.00471108
-0.00472772
-0.00472728
-0.00471687
-0.00474003
-0.00475554
-0.00476076
-0.00480419
-0.00485096
-0.00485893
-0.00484752
-0.00481795
-0.00476979
-0.00472207
-0.00467063
-0.0046156
-0.00455842
-0.00449279
-0.00442126
-0.00435757
-0.00428837
-0.00420971
-0.00413186
-0.00405758
-0.00398226
-0.0039009
-0.00382261
-0.00374012
-0.00365951
-0.00357403
-0.00348861
-0.00340195
-0.00331098
-0.0032228
-0.00312646
-0.00303413
-0.00293326
-0.00283168
-0.00272581
-0.0026115
-0.0024953
-0.0023657
-0.00223333
0.00720653
0.00525046
0.000836388
-0.00338818
-0.00573022
-0.00612443
-0.00558232
-0.00504723
-0.00482823
-0.0047739
-0.00471347
-0.00468299
-0.00471084
-0.00468297
-0.00463347
-0.0046676
-0.0047029
-0.00470458
-0.00472148
-0.00472168
-0.00471221
-0.0047359
-0.00475167
-0.00475697
-0.00480001
-0.00484627
-0.0048542
-0.0048432
-0.00481424
-0.00476666
-0.00471938
-0.00466823
-0.00461343
-0.0045565
-0.00449118
-0.00441993
-0.00435643
-0.00428739
-0.00420892
-0.00413124
-0.00405707
-0.00398184
-0.00390057
-0.00382235
-0.00373991
-0.00365936
-0.00357392
-0.00348854
-0.0034019
-0.00331095
-0.00322278
-0.00312646
-0.00303413
-0.00293327
-0.00283169
-0.00272583
-0.00261151
-0.00249532
-0.0023658
-0.00223332
0.00684967
0.00507853
0.000918405
-0.00318935
-0.00556152
-0.00604678
-0.00555351
-0.00502514
-0.00480282
-0.00474978
-0.00469478
-0.00466916
-0.00469932
-0.00467274
-0.00462435
-0.00465928
-0.00469548
-0.00469787
-0.00471503
-0.00471587
-0.00470736
-0.0047316
-0.00474765
-0.00475306
-0.00479572
-0.00484144
-0.00484929
-0.0048387
-0.00481036
-0.00476339
-0.00471657
-0.00466572
-0.00461117
-0.00455449
-0.00448949
-0.00441853
-0.00435523
-0.00428635
-0.00420808
-0.00413057
-0.00405653
-0.00398139
-0.00390021
-0.00382207
-0.0037397
-0.00365919
-0.00357379
-0.00348845
-0.00340184
-0.00331092
-0.00322277
-0.00312645
-0.00303413
-0.00293328
-0.00283169
-0.00272585
-0.00261153
-0.00249534
-0.00236591
-0.00223331
0.00650902
0.00490103
0.000991561
-0.00299325
-0.00538923
-0.00596483
-0.00552394
-0.00500372
-0.00477729
-0.00472477
-0.00467521
-0.00465477
-0.00468739
-0.00466215
-0.00461491
-0.00465069
-0.00468784
-0.00469096
-0.00470836
-0.00470983
-0.00470232
-0.00472714
-0.00474348
-0.00474902
-0.0047913
-0.00483648
-0.00484422
-0.00483403
-0.00480633
-0.00476
-0.00471366
-0.00466314
-0.00460883
-0.00455242
-0.00448773
-0.00441707
-0.00435397
-0.00428527
-0.0042072
-0.00412988
-0.00405597
-0.00398092
-0.00389983
-0.00382177
-0.00373946
-0.00365901
-0.00357366
-0.00348836
-0.00340178
-0.00331089
-0.00322275
-0.00312645
-0.00303413
-0.00293328
-0.0028317
-0.00272587
-0.00261154
-0.00249537
-0.00236602
-0.0022333
0.00618426
0.00471915
0.00105528
-0.00280067
-0.00521381
-0.00587835
-0.00549328
-0.00498299
-0.00475178
-0.00469892
-0.00465475
-0.00463979
-0.00467506
-0.00465119
-0.00460514
-0.00464181
-0.00467998
-0.00468385
-0.00470148
-0.00470357
-0.0046971
-0.00472253
-0.00473917
-0.00474484
-0.00478677
-0.00483138
-0.004839
-0.00482921
-0.00480216
-0.00475649
-0.00471065
-0.00466046
-0.00460641
-0.00455027
-0.00448591
-0.00441557
-0.00435268
-0.00428415
-0.00420628
-0.00412915
-0.00405538
-0.00398043
-0.00389943
-0.00382146
-0.00373922
-0.00365883
-0.00357352
-0.00348826
-0.00340171
-0.00331085
-0.00322272
-0.00312644
-0.00303413
-0.00293329
-0.00283171
-0.00272588
-0.00261156
-0.0024954
-0.00236614
-0.0022333
0.00587491
0.00453428
0.00110912
-0.00261257
-0.00503575
-0.00578697
-0.00546112
-0.00496296
-0.0047265
-0.00467231
-0.00463339
-0.0046242
-0.00466232
-0.00463985
-0.00459501
-0.00463265
-0.00467189
-0.00467654
-0.00469438
-0.0046971
-0.0046917
-0.00471776
-0.0047347
-0.00474052
-0.0047821
-0.00482615
-0.00483365
-0.00482425
-0.00479786
-0.00475287
-0.00470755
-0.00465771
-0.00460393
-0.00454806
-0.00448404
-0.00441401
-0.00435134
-0.00428299
-0.00420534
-0.0041284
-0.00405477
-0.00397992
-0.00389902
-0.00382114
-0.00373896
-0.00365863
-0.00357337
-0.00348816
-0.00340165
-0.00331081
-0.0032227
-0.00312643
-0.00303413
-0.0029333
-0.00283172
-0.00272591
-0.00261158
-0.00249543
-0.00236626
-0.0022333
0.00558047
0.00434777
0.00115271
-0.00242989
-0.0048555
-0.00569035
-0.00542707
-0.00494366
-0.00470167
-0.00464505
-0.00461108
-0.00460795
-0.00464914
-0.00462813
-0.00458453
-0.00462319
-0.00466357
-0.00466903
-0.00468705
-0.00469042
-0.00468613
-0.00471285
-0.00473007
-0.00473605
-0.0047773
-0.00482079
-0.00482815
-0.00481915
-0.00479343
-0.00474914
-0.00470435
-0.00465488
-0.00460137
-0.00454579
-0.00448211
-0.00441241
-0.00434997
-0.00428179
-0.00420436
-0.00412763
-0.00405414
-0.0039794
-0.0038986
-0.0038208
-0.0037387
-0.00365843
-0.00357322
-0.00348805
-0.00340157
-0.00331077
-0.00322268
-0.00312643
-0.00303413
-0.00293331
-0.00283173
-0.00272593
-0.00261161
-0.00249545
-0.00236638
-0.0022333
0.00530026
0.00416087
0.00118589
-0.00225349
-0.0046736
-0.00558826
-0.00539072
-0.00492503
-0.00467748
-0.00461722
-0.0045878
-0.004591
-0.00463551
-0.00461602
-0.00457369
-0.00461343
-0.00465502
-0.00466131
-0.00467951
-0.00468351
-0.00468039
-0.00470778
-0.00472527
-0.00473142
-0.00477235
-0.00481528
-0.00482251
-0.00481391
-0.00478888
-0.00474529
-0.00470105
-0.00465195
-0.00459873
-0.00454344
-0.00448012
-0.00441076
-0.00434856
-0.00428057
-0.00420335
-0.00412683
-0.00405349
-0.00397886
-0.00389816
-0.00382046
-0.00373843
-0.00365822
-0.00357306
-0.00348794
-0.0034015
-0.00331072
-0.00322266
-0.00312642
-0.00303413
-0.00293332
-0.00283174
-0.00272595
-0.00261163
-0.00249548
-0.0023665
-0.0022333
0.00503347
0.00397474
0.00120879
-0.00208418
-0.00449071
-0.00548056
-0.00535161
-0.00490696
-0.00465411
-0.00458897
-0.00456354
-0.00457329
-0.0046214
-0.00460349
-0.00456246
-0.00460335
-0.00464624
-0.00465339
-0.00467173
-0.00467638
-0.00467447
-0.00470255
-0.00472031
-0.00472663
-0.00476727
-0.00480964
-0.00481673
-0.00480855
-0.0047842
-0.00474133
-0.00469766
-0.00464895
-0.00459602
-0.00454103
-0.00447806
-0.00440906
-0.0043471
-0.0042793
-0.00420231
-0.004126
-0.00405282
-0.0039783
-0.00389771
-0.0038201
-0.00373815
-0.003658
-0.00357289
-0.00348783
-0.00340142
-0.00331068
-0.00322263
-0.00312641
-0.00303413
-0.00293333
-0.00283175
-0.00272597
-0.00261165
-0.00249551
-0.00236662
-0.00223331
0.00477922
0.00379048
0.00122175
-0.00192277
-0.00430761
-0.00536718
-0.00530926
-0.00488924
-0.00463173
-0.00456047
-0.00453832
-0.00455478
-0.00460677
-0.00459055
-0.00455084
-0.00459296
-0.00463721
-0.00464525
-0.00466371
-0.00466901
-0.00466838
-0.00469717
-0.00471517
-0.00472168
-0.00476205
-0.00480385
-0.0048108
-0.00480304
-0.0047794
-0.00473726
-0.00469416
-0.00464585
-0.00459323
-0.00453854
-0.00447595
-0.00440731
-0.0043456
-0.00427799
-0.00420123
-0.00412515
-0.00405213
-0.00397772
-0.00389725
-0.00381973
-0.00373786
-0.00365777
-0.00357272
-0.00348771
-0.00340134
-0.00331063
-0.0032226
-0.0031264
-0.00303413
-0.00293334
-0.00283176
-0.002726
-0.00261168
-0.00249554
-0.00236674
-0.00223332
0.0045366
0.00360911
0.00122529
-0.00177002
-0.00412516
-0.00524815
-0.00526313
-0.00487162
-0.00461048
-0.00453194
-0.00451217
-0.0045354
-0.00459158
-0.00457716
-0.00453883
-0.00458224
-0.00462793
-0.00463689
-0.00465544
-0.00466141
-0.0046621
-0.00469162
-0.00470986
-0.00471656
-0.00475667
-0.00479792
-0.00480473
-0.00479739
-0.00477446
-0.00473307
-0.00469056
-0.00464266
-0.00459035
-0.00453599
-0.00447378
-0.00440551
-0.00434406
-0.00427665
-0.00420013
-0.00412427
-0.00405142
-0.00397713
-0.00389676
-0.00381935
-0.00373756
-0.00365754
-0.00357255
-0.00348759
-0.00340125
-0.00331058
-0.00322258
-0.00312639
-0.00303413
-0.00293335
-0.00283177
-0.00272603
-0.00261171
-0.00249557
-0.00236686
-0.00223333
0.00430467
0.00343148
0.00122009
-0.00162656
-0.00394426
-0.00512363
-0.00521273
-0.00485375
-0.00459049
-0.00450362
-0.00448513
-0.00451508
-0.00457578
-0.00456332
-0.00452642
-0.00457118
-0.0046184
-0.0046283
-0.00464692
-0.00465356
-0.00465564
-0.0046859
-0.00470435
-0.00471126
-0.00475114
-0.00479184
-0.0047985
-0.00479161
-0.00476939
-0.00472876
-0.00468686
-0.00463938
-0.0045874
-0.00453335
-0.00447153
-0.00440365
-0.00434247
-0.00427526
-0.00419898
-0.00412337
-0.00405068
-0.00397652
-0.00389627
-0.00381896
-0.00373725
-0.0036573
-0.00357237
-0.00348746
-0.00340117
-0.00331053
-0.00322255
-0.00312638
-0.00303413
-0.00293336
-0.00283179
-0.00272605
-0.00261174
-0.0024956
-0.00236698
-0.00223334
0.00408246
0.00325832
0.00120694
-0.00149289
-0.00376582
-0.00499394
-0.0051576
-0.00483525
-0.00457179
-0.00447572
-0.0044573
-0.0044938
-0.0045593
-0.004549
-0.00451359
-0.00455978
-0.00460861
-0.00461948
-0.00463813
-0.00464547
-0.00464899
-0.00468001
-0.00469866
-0.00470578
-0.00474546
-0.0047856
-0.00479213
-0.00478568
-0.00476419
-0.00472433
-0.00468305
-0.004636
-0.00458435
-0.00453064
-0.00446922
-0.00440174
-0.00434084
-0.00427384
-0.0041978
-0.00412243
-0.00404993
-0.00397588
-0.00389575
-0.00381855
-0.00373693
-0.00365706
-0.00357218
-0.00348733
-0.00340108
-0.00331048
-0.00322252
-0.00312637
-0.00303414
-0.00293338
-0.0028318
-0.00272608
-0.00261177
-0.00249563
-0.0023671
-0.00223335
0.00386904
0.00309016
0.00118672
-0.00136931
-0.00359079
-0.0048596
-0.00509732
-0.00481562
-0.00455436
-0.00444852
-0.00442882
-0.00447152
-0.00454208
-0.00453416
-0.00450034
-0.00454804
-0.00459856
-0.00461043
-0.00462908
-0.00463711
-0.00464215
-0.00467395
-0.00469277
-0.00470011
-0.00473961
-0.00477921
-0.0047856
-0.0047796
-0.00475885
-0.00471977
-0.00467913
-0.00463253
-0.00458122
-0.00452785
-0.00446684
-0.00439977
-0.00433916
-0.00427237
-0.00419659
-0.00412147
-0.00404915
-0.00397523
-0.00389522
-0.00381813
-0.0037366
-0.0036568
-0.00357199
-0.00348719
-0.00340099
-0.00331042
-0.00322249
-0.00312636
-0.00303414
-0.00293339
-0.00283182
-0.00272611
-0.00261181
-0.00249566
-0.00236721
-0.00223337
0.00366354
0.00292736
0.0011604
-0.00125592
-0.00342014
-0.00472134
-0.00503151
-0.00479429
-0.0045381
-0.00442227
-0.00439986
-0.00444822
-0.00452404
-0.00451876
-0.00448666
-0.00453596
-0.00458825
-0.00460114
-0.00461974
-0.00462848
-0.0046351
-0.0046677
-0.00468667
-0.00469426
-0.0047336
-0.00477266
-0.00477891
-0.00477337
-0.00475337
-0.00471509
-0.00467509
-0.00462895
-0.004578
-0.00452498
-0.00446439
-0.00439774
-0.00433743
-0.00427085
-0.00419533
-0.00412047
-0.00404834
-0.00397456
-0.00389468
-0.0038177
-0.00373626
-0.00365654
-0.00357179
-0.00348705
-0.00340089
-0.00331037
-0.00322246
-0.00312635
-0.00303414
-0.0029334
-0.00283184
-0.00272614
-0.00261184
-0.00249569
-0.00236733
-0.00223339
0.00346516
0.00277011
0.00112895
-0.00115264
-0.00325477
-0.00458002
-0.00495986
-0.00477066
-0.00452285
-0.0043972
-0.00437063
-0.00442391
-0.00450512
-0.00450274
-0.00447253
-0.00452352
-0.00457766
-0.00459159
-0.00461012
-0.00461958
-0.00462785
-0.00466126
-0.00468037
-0.0046882
-0.00472742
-0.00476594
-0.00477205
-0.00476699
-0.00474775
-0.00471027
-0.00467094
-0.00462527
-0.00457468
-0.00452202
-0.00446187
-0.00439566
-0.00433565
-0.00426929
-0.00419403
-0.00411944
-0.00404751
-0.00397386
-0.00389411
-0.00381725
-0.00373591
-0.00365627
-0.00357158
-0.00348691
-0.00340079
-0.00331031
-0.00322243
-0.00312634
-0.00303414
-0.00293341
-0.00283186
-0.00272617
-0.00261188
-0.00249572
-0.00236744
-0.00223341
0.00327327
0.00261849
0.0010933
-0.00105923
-0.00309553
-0.00443661
-0.00488221
-0.00474415
-0.00450836
-0.00437348
-0.00434138
-0.00439867
-0.00448524
-0.00448604
-0.00445792
-0.00451073
-0.00456682
-0.0045818
-0.0046002
-0.0046104
-0.00462039
-0.00465464
-0.00467385
-0.00468194
-0.00472106
-0.00475906
-0.00476504
-0.00476045
-0.00474198
-0.00470532
-0.00466666
-0.00462148
-0.00457127
-0.00451898
-0.00445927
-0.00439351
-0.00433381
-0.00426768
-0.0041927
-0.00411838
-0.00404665
-0.00397314
-0.00389353
-0.00381679
-0.00373554
-0.00365598
-0.00357136
-0.00348676
-0.00340068
-0.00331024
-0.00322239
-0.00312632
-0.00303414
-0.00293343
-0.00283188
-0.00272621
-0.00261192
-0.00249574
-0.00236755
-0.00223344
0.00308742
0.0024724
0.00105433
-0.000975298
-0.00294314
-0.00429219
-0.00479854
-0.00471414
-0.00449426
-0.00435122
-0.00431238
-0.00437257
-0.00446435
-0.00446859
-0.00444281
-0.0044976
-0.0045557
-0.00457175
-0.00458998
-0.00460092
-0.00461271
-0.00464781
-0.0046671
-0.00467548
-0.00471453
-0.00475201
-0.00475785
-0.00475375
-0.00473607
-0.00470023
-0.00466227
-0.00461759
-0.00456776
-0.00451585
-0.00445659
-0.00439129
-0.00433193
-0.00426603
-0.00419132
-0.00411729
-0.00404577
-0.0039724
-0.00389292
-0.00381632
-0.00373517
-0.00365569
-0.00357114
-0.0034866
-0.00340058
-0.00331018
-0.00322236
-0.00312631
-0.00303415
-0.00293344
-0.00283191
-0.00272624
-0.00261197
-0.00249577
-0.00236766
-0.00223346
0.00290728
0.00233164
0.00101284
-0.000900336
-0.00279822
-0.00414781
-0.00470902
-0.00468006
-0.00448011
-0.00433049
-0.00428393
-0.00434576
-0.00444242
-0.0044503
-0.00442715
-0.0044841
-0.00454433
-0.00456143
-0.00457943
-0.00459115
-0.00460481
-0.00464078
-0.00466013
-0.00466879
-0.00470782
-0.00474478
-0.00475049
-0.00474689
-0.00473
-0.00469501
-0.00465775
-0.00461358
-0.00456414
-0.00451262
-0.00445384
-0.00438901
-0.00432998
-0.00426432
-0.00418989
-0.00411616
-0.00404486
-0.00397164
-0.0038923
-0.00381582
-0.00373478
-0.00365539
-0.00357091
-0.00348644
-0.00340047
-0.00331011
-0.00322232
-0.0031263
-0.00303415
-0.00293345
-0.00283193
-0.00272628
-0.00261202
-0.0024958
-0.00236776
-0.00223349
0.00273273
0.00219592
0.000969564
-0.000833747
-0.00266125
-0.00400452
-0.00461397
-0.00464141
-0.00446541
-0.00431125
-0.00425628
-0.00431843
-0.00441942
-0.00443108
-0.00441088
-0.00447024
-0.00453271
-0.00455086
-0.00456857
-0.00458106
-0.00459668
-0.00463355
-0.00465291
-0.00466189
-0.00470092
-0.00473738
-0.00474296
-0.00473987
-0.00472377
-0.00468964
-0.0046531
-0.00460946
-0.00456043
-0.0045093
-0.004451
-0.00438667
-0.00432799
-0.00426256
-0.00418843
-0.00411499
-0.00404392
-0.00397085
-0.00389166
-0.00381532
-0.00373438
-0.00365508
-0.00357068
-0.00348628
-0.00340035
-0.00331004
-0.00322228
-0.00312628
-0.00303416
-0.00293347
-0.00283196
-0.00272631
-0.00261207
-0.00249582
-0.00236786
-0.00223353
0.00256374
0.00206491
0.000925102
-0.000774913
-0.00253252
-0.0038633
-0.00451394
-0.00459778
-0.0044496
-0.00429335
-0.0042297
-0.0042908
-0.00439539
-0.00441085
-0.00439393
-0.004456
-0.00452084
-0.00454004
-0.00455737
-0.00457065
-0.00458832
-0.0046261
-0.00464546
-0.00465476
-0.00469383
-0.00472979
-0.00473525
-0.00473267
-0.00471739
-0.00468412
-0.00464832
-0.00460522
-0.00455661
-0.00450589
-0.00444808
-0.00438425
-0.00432593
-0.00426075
-0.00418691
-0.00411379
-0.00404295
-0.00397004
-0.003891
-0.00381479
-0.00373397
-0.00365476
-0.00357043
-0.0034861
-0.00340023
-0.00330997
-0.00322224
-0.00312626
-0.00303416
-0.00293348
-0.00283199
-0.00272635
-0.00261212
-0.00249585
-0.00236795
-0.00223356
0.00240043
0.00193824
0.000879887
-0.000723207
-0.00241214
-0.00372506
-0.00440963
-0.00454887
-0.0044321
-0.00427658
-0.00420439
-0.00426313
-0.0043704
-0.00438954
-0.00437622
-0.00444133
-0.00450874
-0.00452896
-0.00454583
-0.00455991
-0.00457972
-0.00461843
-0.00463776
-0.00464739
-0.00468654
-0.00472203
-0.00472735
-0.00472531
-0.00471085
-0.00467845
-0.00464341
-0.00460086
-0.00455268
-0.00450237
-0.00444507
-0.00438177
-0.00432381
-0.00425888
-0.00418535
-0.00411255
-0.00404195
-0.0039692
-0.00389031
-0.00381425
-0.00373354
-0.00365443
-0.00357018
-0.00348592
-0.00340011
-0.00330989
-0.0032222
-0.00312625
-0.00303417
-0.0029335
-0.00283202
-0.00272639
-0.00261217
-0.00249587
-0.00236803
-0.0022336
0.00224299
0.00181555
0.000834262
-0.000677971
-0.00230006
-0.00359062
-0.00430188
-0.00449447
-0.00441229
-0.00426062
-0.0041805
-0.00423574
-0.00434457
-0.00436709
-0.00435766
-0.00442621
-0.0044964
-0.00451765
-0.00453395
-0.00454883
-0.00457087
-0.00461054
-0.0046298
-0.00463979
-0.00467905
-0.00471407
-0.00471927
-0.00471777
-0.00470414
-0.00467264
-0.00463836
-0.00459638
-0.00454863
-0.00449875
-0.00444197
-0.00437921
-0.00432163
-0.00425696
-0.00418374
-0.00411127
-0.00404091
-0.00396833
-0.00388961
-0.00381369
-0.0037331
-0.00365409
-0.00356992
-0.00348574
-0.00339998
-0.00330981
-0.00322216
-0.00312623
-0.00303417
-0.00293352
-0.00283206
-0.00272643
-0.00261223
-0.00249589
-0.00236811
-0.00223364
0.00209165
0.00169647
0.00078849
-0.000638539
-0.0021961
-0.00346072
-0.00419164
-0.00443453
-0.00438962
-0.00424509
-0.00415809
-0.0042089
-0.00431806
-0.00434348
-0.00433815
-0.00441058
-0.00448382
-0.00450611
-0.00452172
-0.0045374
-0.00456177
-0.00460242
-0.00462158
-0.00463193
-0.00467135
-0.00470592
-0.004711
-0.00471005
-0.00469726
-0.00466667
-0.00463317
-0.00459177
-0.00454448
-0.00449503
-0.00443878
-0.00437657
-0.00431939
-0.00425498
-0.00418208
-0.00410995
-0.00403985
-0.00396744
-0.00388888
-0.00381311
-0.00373265
-0.00365374
-0.00356965
-0.00348555
-0.00339985
-0.00330973
-0.00322212
-0.00312621
-0.00303418
-0.00293353
-0.0028321
-0.00272648
-0.00261229
-0.00249592
-0.00236818
-0.00223368
0.00194677
0.00158065
0.000742717
-0.000604281
-0.00210001
-0.00333599
-0.00407989
-0.00436918
-0.00436358
-0.00422952
-0.00413713
-0.00418289
-0.00429111
-0.00431871
-0.00431759
-0.00439436
-0.004471
-0.00449436
-0.00450916
-0.0045256
-0.0045524
-0.00459406
-0.00461309
-0.00462383
-0.00466345
-0.00469757
-0.00470254
-0.00470215
-0.00469022
-0.00466053
-0.00462783
-0.00458703
-0.0045402
-0.00449121
-0.0044355
-0.00437387
-0.00431708
-0.00425294
-0.00418037
-0.00410858
-0.00403875
-0.00396651
-0.00388812
-0.00381251
-0.00373218
-0.00365337
-0.00356937
-0.00348535
-0.00339971
-0.00330965
-0.00322207
-0.00312619
-0.00303419
-0.00293355
-0.00283214
-0.00272652
-0.00261236
-0.00249593
-0.00236824
-0.00223372
0.00180891
0.00146774
0.000696951
-0.000574591
-0.00201144
-0.00321694
-0.00396761
-0.00429869
-0.00433374
-0.00421341
-0.00411745
-0.00415794
-0.00426396
-0.00429282
-0.00429589
-0.00437747
-0.00445789
-0.0044824
-0.00449626
-0.00451344
-0.00454276
-0.00458546
-0.00460432
-0.00461547
-0.00465533
-0.00468903
-0.00469389
-0.00469407
-0.004683
-0.00465424
-0.00462235
-0.00458216
-0.00453581
-0.00448727
-0.00443213
-0.00437108
-0.00431471
-0.00425084
-0.0041786
-0.00410718
-0.00403762
-0.00396556
-0.00388734
-0.0038119
-0.00373169
-0.003653
-0.00356908
-0.00348514
-0.00339957
-0.00330956
-0.00322203
-0.00312616
-0.0030342
-0.00293357
-0.00283218
-0.00272657
-0.00261242
-0.00249595
-0.00236829
-0.00223376
0.00167888
0.00135749
0.00065104
-0.000548898
-0.00193001
-0.00310399
-0.00385575
-0.00422347
-0.00429976
-0.00419624
-0.0040988
-0.00413422
-0.00423691
-0.00426594
-0.00427299
-0.00435981
-0.00444446
-0.00447025
-0.00448305
-0.00450091
-0.00453283
-0.00457661
-0.00459527
-0.00460684
-0.00464699
-0.00468028
-0.00468503
-0.0046858
-0.00467561
-0.00464779
-0.00461672
-0.00457715
-0.00453129
-0.00448322
-0.00442865
-0.00436821
-0.00431227
-0.00424867
-0.00417678
-0.00410573
-0.00403645
-0.00396458
-0.00388654
-0.00381126
-0.00373119
-0.00365261
-0.00356878
-0.00348493
-0.00339942
-0.00330946
-0.00322198
-0.00312614
-0.0030342
-0.00293358
-0.00283223
-0.00272661
-0.00261249
-0.00249597
-0.00236833
-0.00223381
0.00155757
0.00124991
0.000604694
-0.000526679
-0.00185526
-0.00299741
-0.00374519
-0.00414406
-0.00426138
-0.00417752
-0.00408088
-0.00411184
-0.00421027
-0.00423822
-0.00424885
-0.00434128
-0.00443066
-0.00445789
-0.00446954
-0.00448802
-0.0045226
-0.0045675
-0.00458594
-0.00459793
-0.00463843
-0.00467132
-0.00467597
-0.00467733
-0.00466804
-0.00464116
-0.00461094
-0.00457201
-0.00452665
-0.00447905
-0.00442508
-0.00436526
-0.00430975
-0.00424644
-0.00417491
-0.00410424
-0.00403525
-0.00396357
-0.00388571
-0.0038106
-0.00373067
-0.00365221
-0.00356847
-0.00348471
-0.00339927
-0.00330937
-0.00322193
-0.00312611
-0.00303422
-0.0029336
-0.00283228
-0.00272666
-0.00261256
-0.00249598
-0.00236836
-0.00223385
0.00144559
0.00114532
0.0005575
-0.000507535
-0.00178667
-0.00289736
-0.00363671
-0.00406106
-0.00421847
-0.00415678
-0.0040633
-0.00409083
-0.00418433
-0.00420986
-0.00422346
-0.00432179
-0.0044164
-0.0044453
-0.00445574
-0.00447477
-0.00451208
-0.00455812
-0.00457631
-0.00458876
-0.00462964
-0.00466215
-0.00466671
-0.00466868
-0.00466029
-0.00463437
-0.004605
-0.00456673
-0.00452188
-0.00447477
-0.00442141
-0.00436222
-0.00430717
-0.00424415
-0.00417297
-0.00410269
-0.00403401
-0.00396252
-0.00388486
-0.00380993
-0.00373014
-0.00365179
-0.00356815
-0.00348448
-0.00339911
-0.00330926
-0.00322187
-0.00312608
-0.00303423
-0.00293362
-0.00283233
-0.00272671
-0.00261264
-0.00249599
-0.00236838
-0.0022339
0.00134284
0.00104438
0.000508997
-0.000491269
-0.00172367
-0.00280385
-0.00353102
-0.00397518
-0.00417103
-0.00413363
-0.00404568
-0.00407108
-0.00415934
-0.00418112
-0.00419687
-0.00430125
-0.00440161
-0.00443246
-0.00444166
-0.00446119
-0.00450126
-0.00454846
-0.00456637
-0.0045793
-0.00462062
-0.00465277
-0.00465724
-0.00465983
-0.00465235
-0.0046274
-0.0045989
-0.0045613
-0.00451698
-0.00447037
-0.00441762
-0.0043591
-0.00430451
-0.00424179
-0.00417098
-0.00410111
-0.00403273
-0.00396145
-0.00388397
-0.00380923
-0.00372958
-0.00365136
-0.00356782
-0.00348425
-0.00339894
-0.00330916
-0.00322182
-0.00312606
-0.00303424
-0.00293364
-0.00283239
-0.00272676
-0.00261272
-0.002496
-0.00236838
-0.00223395
0.00124821
0.000947907
0.000458875
-0.000477854
-0.00166569
-0.00271676
-0.00342872
-0.00388714
-0.00411921
-0.00410777
-0.00402756
-0.00405239
-0.00413547
-0.00415229
-0.00416915
-0.0042796
-0.00438621
-0.00441932
-0.00442729
-0.00444728
-0.00449015
-0.00453851
-0.00455611
-0.00456955
-0.00461136
-0.00464318
-0.00464755
-0.00465077
-0.00464423
-0.00462026
-0.00459264
-0.00455573
-0.00451194
-0.00446584
-0.00441374
-0.00435589
-0.00430178
-0.00423935
-0.00416893
-0.00409947
-0.00403141
-0.00396033
-0.00388306
-0.0038085
-0.00372901
-0.00365092
-0.00356748
-0.003484
-0.00339877
-0.00330905
-0.00322176
-0.00312602
-0.00303425
-0.00293365
-0.00283245
-0.00272682
-0.00261279
-0.00249601
-0.00236837
-0.00223399
0.00115965
0.000856732
0.00040705
-0.000467447
-0.00161222
-0.00263593
-0.00333033
-0.00379772
-0.00406326
-0.00407895
-0.00400853
-0.00403447
-0.00411286
-0.00412367
-0.00414045
-0.0042568
-0.00437009
-0.00440581
-0.00441262
-0.00443307
-0.00447876
-0.00452826
-0.00454553
-0.0045595
-0.00460186
-0.00463336
-0.00463765
-0.00464152
-0.00463591
-0.00461294
-0.00458621
-0.00455001
-0.00450677
-0.00446119
-0.00440974
-0.00435259
-0.00429897
-0.00423685
-0.00416681
-0.00409778
-0.00403005
-0.00395919
-0.00388212
-0.00380775
-0.00372843
-0.00365046
-0.00356713
-0.00348375
-0.0033986
-0.00330893
-0.00322171
-0.00312599
-0.00303427
-0.00293367
-0.00283252
-0.00272687
-0.00261287
-0.00249601
-0.00236835
-0.00223403
0.00107438
0.000771476
0.000353767
-0.000460372
-0.00156282
-0.00256105
-0.00323627
-0.0037076
-0.00400351
-0.00404699
-0.00398821
-0.00401699
-0.00409153
-0.00409554
-0.00411096
-0.00423284
-0.00435318
-0.00439186
-0.00439761
-0.00441857
-0.00446712
-0.00451772
-0.00453459
-0.00454915
-0.00459212
-0.00462332
-0.00462752
-0.00463206
-0.00462741
-0.00460544
-0.00457962
-0.00454414
-0.00450146
-0.00445641
-0.00440562
-0.00434919
-0.00429608
-0.00423428
-0.00416463
-0.00409603
-0.00402865
-0.00395801
-0.00388115
-0.00380698
-0.00372782
-0.00364998
-0.00356676
-0.00348349
-0.00339842
-0.00330881
-0.00322165
-0.00312596
-0.00303428
-0.00293369
-0.00283258
-0.00272693
-0.00261295
-0.00249602
-0.00236831
-0.00223408
0.000989024
0.000692261
0.00029976
-0.000456952
-0.00151723
-0.00249183
-0.00314687
-0.00361744
-0.00394032
-0.00401182
-0.00396625
-0.00399959
-0.00407144
-0.00406815
-0.0040809
-0.00420775
-0.00433543
-0.00437738
-0.00438221
-0.00440378
-0.00445526
-0.0045069
-0.0045233
-0.00453847
-0.00458213
-0.00461305
-0.00461718
-0.00462238
-0.00461871
-0.00459775
-0.00457286
-0.00453811
-0.00449601
-0.00445149
-0.0044014
-0.0043457
-0.0042931
-0.00423163
-0.00416239
-0.00409424
-0.0040272
-0.00395679
-0.00388015
-0.00380619
-0.00372719
-0.00364949
-0.00356639
-0.00348321
-0.00339823
-0.00330869
-0.00322158
-0.00312592
-0.0030343
-0.00293371
-0.00283266
-0.00272699
-0.00261303
-0.00249602
-0.00236825
-0.00223412
0.000900316
0.000618348
0.000246116
-0.00045738
-0.00147531
-0.00242793
-0.00306236
-0.00352785
-0.00387414
-0.00397346
-0.00394239
-0.00398189
-0.00405244
-0.0040417
-0.00405054
-0.00418163
-0.00431678
-0.00436232
-0.00436636
-0.00438867
-0.00444321
-0.00449582
-0.00451163
-0.00452745
-0.0045719
-0.00460257
-0.0046066
-0.0046125
-0.00460981
-0.00458987
-0.00456592
-0.00453193
-0.00449042
-0.00444645
-0.00439705
-0.00434211
-0.00429005
-0.0042289
-0.00416007
-0.00409239
-0.00402571
-0.00395553
-0.00387912
-0.00380537
-0.00372654
-0.00364899
-0.003566
-0.00348293
-0.00339803
-0.00330856
-0.00322152
-0.00312588
-0.00303432
-0.00293373
-0.00283273
-0.00272705
-0.00261311
-0.00249602
-0.00236818
-0.00223415
0.000806249
0.000548087
0.000194031
-0.000461636
-0.00143702
-0.00236898
-0.00298295
-0.00343931
-0.00380541
-0.00393209
-0.00391646
-0.00396349
-0.00403427
-0.00401631
-0.00402015
-0.00415459
-0.00429721
-0.00434659
-0.00434997
-0.0043732
-0.00443099
-0.00448451
-0.00449959
-0.00451608
-0.0045614
-0.00459186
-0.0045958
-0.00460239
-0.00460071
-0.00458181
-0.00455881
-0.00452559
-0.00448467
-0.00444126
-0.00439258
-0.00433842
-0.00428691
-0.0042261
-0.00415769
-0.00409048
-0.00402417
-0.00395423
-0.00387806
-0.00380452
-0.00372587
-0.00364847
-0.0035656
-0.00348264
-0.00339783
-0.00330842
-0.00322145
-0.00312584
-0.00303434
-0.00293375
-0.00283281
-0.00272712
-0.00261319
-0.00249601
-0.00236809
-0.00223418
0.000706965
0.000479115
0.000144532
-0.000469352
-0.00140245
-0.0023146
-0.00290879
-0.0033523
-0.00373453
-0.00388791
-0.00388837
-0.00394407
-0.00401666
-0.00399204
-0.00398997
-0.0041268
-0.00427674
-0.00433016
-0.00433297
-0.00435732
-0.00441861
-0.00447302
-0.00448719
-0.00450433
-0.00455064
-0.00458092
-0.00458477
-0.00459207
-0.00459141
-0.00457356
-0.00455152
-0.00451909
-0.00447878
-0.00443594
-0.00438799
-0.00433463
-0.00428369
-0.00422321
-0.00415524
-0.00408851
-0.00402259
-0.0039529
-0.00387696
-0.00380364
-0.00372518
-0.00364793
-0.00356518
-0.00348234
-0.00339762
-0.00330828
-0.00322138
-0.00312579
-0.00303436
-0.00293377
-0.00283289
-0.00272718
-0.00261327
-0.00249601
-0.00236799
-0.00223421
0.000605223
0.000408758
9.80383e-05
-0.00047979
-0.0013717
-0.00226438
-0.00284
-0.00326734
-0.00366184
-0.00384118
-0.00385809
-0.00392329
-0.00399929
-0.00396887
-0.00396024
-0.00409846
-0.0042554
-0.004313
-0.00431528
-0.00434092
-0.00440605
-0.00446141
-0.00447444
-0.00449217
-0.00453959
-0.00456976
-0.0045735
-0.00458152
-0.0045819
-0.00456511
-0.00454405
-0.00451242
-0.00447274
-0.00443047
-0.00438328
-0.00433074
-0.00428038
-0.00422025
-0.00415271
-0.00408649
-0.00402096
-0.00395152
-0.00387583
-0.00380274
-0.00372447
-0.00364737
-0.00356475
-0.00348202
-0.0033974
-0.00330813
-0.00322131
-0.00312575
-0.00303438
-0.0029338
-0.00283298
-0.00272725
-0.00261335
-0.002496
-0.00236787
-0.00223423
0.000505836
0.000334771
5.40381e-05
-0.000491942
-0.00134487
-0.00221788
-0.00277656
-0.003185
-0.00358768
-0.00379213
-0.00382572
-0.00390094
-0.0039818
-0.00394669
-0.00393109
-0.00406979
-0.00423328
-0.00429509
-0.00429686
-0.00432393
-0.00439327
-0.00444971
-0.00446139
-0.00447961
-0.00452824
-0.00455838
-0.00456202
-0.00457074
-0.00457219
-0.00455647
-0.0045364
-0.00450559
-0.00446655
-0.00442486
-0.00437843
-0.00432674
-0.00427698
-0.0042172
-0.00415012
-0.0040844
-0.00401928
-0.00395011
-0.00387466
-0.00380181
-0.00372374
-0.00364679
-0.00356431
-0.0034817
-0.00339718
-0.00330798
-0.00322124
-0.0031257
-0.00303441
-0.00293382
-0.00283307
-0.00272732
-0.00261342
-0.00249599
-0.00236773
-0.00223424
0.000414118
0.000256066
1.10717e-05
-0.00050469
-0.00132196
-0.00217482
-0.00271825
-0.00310583
-0.00351235
-0.00374093
-0.00379142
-0.00387688
-0.00396387
-0.00392532
-0.00390264
-0.00404102
-0.00421053
-0.00427644
-0.00427765
-0.00430624
-0.0043802
-0.00443797
-0.0044481
-0.00446663
-0.00451655
-0.00454676
-0.0045503
-0.00455974
-0.00456226
-0.00454762
-0.00452857
-0.00449859
-0.0044602
-0.0044191
-0.00437345
-0.00432263
-0.00427348
-0.00421407
-0.00414744
-0.00408225
-0.00401755
-0.00394864
-0.00387346
-0.00380084
-0.00372298
-0.0036462
-0.00356385
-0.00348136
-0.00339694
-0.00330782
-0.00322116
-0.00312565
-0.00303443
-0.00293384
-0.00283316
-0.0027274
-0.0026135
-0.00249598
-0.00236757
-0.00223425
0.000334446
0.000173092
-3.31069e-05
-0.000517102
-0.00130277
-0.00213508
-0.0026647
-0.00303038
-0.00343632
-0.00368768
-0.00375537
-0.00385107
-0.00394521
-0.00390452
-0.0038749
-0.00401234
-0.00418729
-0.00425708
-0.00425766
-0.00428778
-0.00436674
-0.00442618
-0.00443464
-0.00445326
-0.0045045
-0.00453489
-0.00453836
-0.00454851
-0.00455212
-0.00453858
-0.00452055
-0.00449143
-0.0044537
-0.00441319
-0.00436834
-0.0043184
-0.0042699
-0.00421086
-0.00414469
-0.00408003
-0.00401577
-0.00394714
-0.00387222
-0.00379985
-0.0037222
-0.00364559
-0.00356337
-0.00348102
-0.0033967
-0.00330765
-0.00322108
-0.00312559
-0.00303446
-0.00293387
-0.00283325
-0.00272748
-0.00261356
-0.00249596
-0.0023674
-0.00223424
0.000269197
8.7773e-05
-8.11105e-05
-0.000528709
-0.00128679
-0.00209875
-0.00261535
-0.00295902
-0.00336023
-0.00363247
-0.00371769
-0.00382356
-0.00392559
-0.00388404
-0.00384783
-0.0039839
-0.00416377
-0.0042371
-0.00423686
-0.00426849
-0.00435278
-0.0044143
-0.00442108
-0.00443954
-0.00449208
-0.00452276
-0.0045262
-0.00453705
-0.00454176
-0.00452934
-0.00451234
-0.00448409
-0.00444704
-0.00440714
-0.00436309
-0.00431407
-0.00426622
-0.00420756
-0.00414186
-0.00407775
-0.00401394
-0.00394559
-0.00387094
-0.00379883
-0.00372139
-0.00364495
-0.00356289
-0.00348066
-0.00339645
-0.00330748
-0.00322099
-0.00312554
-0.00303448
-0.0029339
-0.00283334
-0.00272756
-0.00261363
-0.00249594
-0.00236722
-0.00223423
0.000218643
2.97077e-06
-0.00013551
-0.000539701
-0.00127314
-0.00206615
-0.00256965
-0.00289172
-0.00328483
-0.00357558
-0.0036784
-0.00379437
-0.00390489
-0.00386365
-0.00382129
-0.00395578
-0.0041402
-0.00421659
-0.00421525
-0.00424831
-0.00433822
-0.00440227
-0.00440747
-0.00442553
-0.00447926
-0.00451032
-0.0045138
-0.00452537
-0.00453119
-0.00451989
-0.00450394
-0.00447659
-0.00444023
-0.00440092
-0.0043577
-0.00430962
-0.00426245
-0.00420417
-0.00413895
-0.0040754
-0.00401205
-0.003944
-0.00386962
-0.00379777
-0.00372055
-0.0036443
-0.00356238
-0.00348029
-0.00339619
-0.0033073
-0.0032209
-0.00312548
-0.00303451
-0.00293392
-0.00283344
-0.00272765
-0.00261368
-0.00249592
-0.00236701
-0.0022342
0.000181912
-7.77403e-05
-0.000198327
-0.000551145
-0.00126064
-0.00203767
-0.00252736
-0.00282809
-0.0032108
-0.00351749
-0.00363752
-0.00376351
-0.00388309
-0.00384317
-0.00379509
-0.00392797
-0.00411679
-0.00419573
-0.00419286
-0.00422724
-0.00432298
-0.00438999
-0.00439382
-0.00441132
-0.00446607
-0.00449755
-0.00450116
-0.00451348
-0.0045204
-0.00451023
-0.00449535
-0.00446891
-0.00443325
-0.00439456
-0.00435217
-0.00430505
-0.00425858
-0.0042007
-0.00413596
-0.00407298
-0.0040101
-0.00394236
-0.00386826
-0.00379669
-0.0037197
-0.00364363
-0.00356186
-0.0034799
-0.00339593
-0.00330711
-0.00322081
-0.00312542
-0.00303454
-0.00293395
-0.00283354
-0.00272774
-0.00261374
-0.0024959
-0.00236679
-0.00223416
0.000157119
-0.000150333
-0.000270372
-0.000564942
-0.00124788
-0.00201347
-0.00248877
-0.00276755
-0.00313837
-0.00345891
-0.00359519
-0.00373089
-0.00386017
-0.00382252
-0.003769
-0.00390038
-0.00409372
-0.00417474
-0.00416971
-0.00420527
-0.00430698
-0.00437734
-0.00438013
-0.004397
-0.00445256
-0.00448441
-0.00448825
-0.00450137
-0.0045094
-0.00450036
-0.00448657
-0.00446107
-0.00442612
-0.00438804
-0.00434649
-0.00430036
-0.00425462
-0.00419713
-0.00413288
-0.00407049
-0.0040081
-0.00394067
-0.00386687
-0.00379556
-0.00371881
-0.00364293
-0.00356132
-0.0034795
-0.00339565
-0.00330692
-0.00322072
-0.00312535
-0.00303456
-0.00293398
-0.00283364
-0.00272783
-0.00261378
-0.00249587
-0.00236656
-0.00223411
0.00014118
-0.000211149
-0.000350932
-0.000583701
-0.00123346
-0.00199309
-0.00245476
-0.00270962
-0.00306726
-0.00340054
-0.00355184
-0.00369636
-0.00383607
-0.00380173
-0.00374285
-0.00387281
-0.00407109
-0.00415386
-0.00414588
-0.00418236
-0.00429022
-0.00436422
-0.00436629
-0.00438266
-0.0044388
-0.00447089
-0.00447503
-0.00448905
-0.00449821
-0.00449029
-0.0044776
-0.00445305
-0.00441883
-0.00438136
-0.00434067
-0.00429555
-0.00425056
-0.00419348
-0.00412972
-0.00406793
-0.00400604
-0.00393893
-0.00386543
-0.00379441
-0.0037179
-0.00364221
-0.00356076
-0.00347909
-0.00339536
-0.00330671
-0.00322062
-0.00312529
-0.00303459
-0.00293402
-0.00283374
-0.00272793
-0.00261382
-0.00249584
-0.00236631
-0.00223404
0.000130095
-0.0002576
-0.000437662
-0.000610544
-0.00121656
-0.00197518
-0.00242648
-0.00265443
-0.00299679
-0.0033428
-0.00350825
-0.00365982
-0.00381054
-0.0037809
-0.00371655
-0.003845
-0.0040489
-0.0041334
-0.00412149
-0.00415848
-0.00427271
-0.00435053
-0.00435219
-0.00436832
-0.00442491
-0.004457
-0.00446145
-0.00447649
-0.00448682
-0.00448001
-0.00446842
-0.00444486
-0.00441138
-0.00437452
-0.00433469
-0.00429061
-0.0042464
-0.00418973
-0.00412648
-0.00406529
-0.00400393
-0.00393715
-0.00386394
-0.00379322
-0.00371695
-0.00364147
-0.00356019
-0.00347867
-0.00339506
-0.0033065
-0.00322051
-0.00312522
-0.00303461
-0.00293405
-0.00283383
-0.00272802
-0.00261386
-0.0024958
-0.00236605
-0.00223396
0.000119247
-0.000288694
-0.000526721
-0.00064851
-0.00119734
-0.00195748
-0.0024048
-0.00260303
-0.00292622
-0.00328543
-0.0034654
-0.00362149
-0.00378322
-0.00376011
-0.00369014
-0.00381664
-0.00402705
-0.00411363
-0.00409674
-0.00413359
-0.00425447
-0.00433626
-0.00433768
-0.00435397
-0.00441102
-0.00444277
-0.00444746
-0.00446368
-0.00447526
-0.00446954
-0.00445905
-0.0044365
-0.00440377
-0.00436752
-0.00432856
-0.00428555
-0.00424214
-0.0041859
-0.00412314
-0.00406258
-0.00400175
-0.00393531
-0.00386242
-0.00379199
-0.00371598
-0.00364071
-0.0035596
-0.00347823
-0.00339475
-0.00330629
-0.0032204
-0.00312515
-0.00303464
-0.00293409
-0.00283393
-0.00272813
-0.00261388
-0.00249576
-0.00236577
-0.00223386
0.000103613
-0.000305044
-0.000613261
-0.000699855
-0.00117743
-0.00193724
-0.00238971
-0.00255729
-0.00285517
-0.00322737
-0.00342415
-0.00358211
-0.00375366
-0.00373929
-0.00366378
-0.00378748
-0.00400533
-0.00409477
-0.00407186
-0.00410765
-0.00423548
-0.00432143
-0.00432263
-0.00433951
-0.00439726
-0.00442832
-0.00443301
-0.00445056
-0.00446353
-0.00445889
-0.00444948
-0.00442796
-0.00439601
-0.00436037
-0.00432228
-0.00428036
-0.00423778
-0.00418198
-0.00411972
-0.00405979
-0.00399951
-0.00393343
-0.00386085
-0.00379073
-0.00371498
-0.00363993
-0.00355898
-0.00347777
-0.00339443
-0.00330606
-0.00322029
-0.00312507
-0.00303466
-0.00293413
-0.00283403
-0.00272823
-0.0026139
-0.00249571
-0.00236548
-0.00223375
7.75408e-05
-0.00030872
-0.000691913
-0.000765399
-0.0011599
-0.0019119
-0.00237989
-0.00251929
-0.00278429
-0.00316723
-0.00338475
-0.00354284
-0.00372159
-0.00371815
-0.00363775
-0.00375736
-0.00398341
-0.00407695
-0.0040472
-0.00408067
-0.00421569
-0.00430615
-0.0043069
-0.00432476
-0.00438371
-0.00441379
-0.00441808
-0.00443707
-0.00445163
-0.00444807
-0.00443972
-0.00441926
-0.0043881
-0.00435305
-0.00431584
-0.00427504
-0.00423332
-0.00417797
-0.00411621
-0.00405692
-0.00399721
-0.00393149
-0.00385924
-0.00378943
-0.00371395
-0.00363912
-0.00355835
-0.0034773
-0.0033941
-0.00330583
-0.00322017
-0.00312499
-0.00303468
-0.00293417
-0.00283413
-0.00272834
-0.00261391
-0.00249565
-0.00236518
-0.00223361
3.51712e-05
-0.000303288
-0.000757437
-0.000844097
-0.00114892
-0.00187973
-0.00237266
-0.00249055
-0.00271549
-0.00310374
-0.00334644
-0.00350505
-0.00368717
-0.00369618
-0.00361223
-0.00372626
-0.00396094
-0.0040602
-0.0040231
-0.00405272
-0.00419502
-0.00429052
-0.00429047
-0.00430952
-0.0043704
-0.00439936
-0.00440271
-0.00442312
-0.00443952
-0.00443712
-0.00442978
-0.00441037
-0.00438004
-0.00434559
-0.00430924
-0.00426959
-0.00422877
-0.00417387
-0.00411262
-0.00405397
-0.00399485
-0.00392951
-0.00385758
-0.00378809
-0.00371289
-0.00363829
-0.0035577
-0.00347682
-0.00339376
-0.00330559
-0.00322004
-0.00312492
-0.0030347
-0.00293421
-0.00283422
-0.00272845
-0.00261392
-0.00249559
-0.00236487
-0.00223346
-2.84231e-05
-0.000293916
-0.000805325
-0.000932699
-0.00114906
-0.00184068
-0.00236465
-0.00247148
-0.00265144
-0.00303636
-0.00330755
-0.00346986
-0.00365113
-0.00367282
-0.00358731
-0.00369426
-0.00393757
-0.00404444
-0.00399987
-0.00402392
-0.00417336
-0.00427462
-0.00427339
-0.00429356
-0.00435724
-0.00438523
-0.00438698
-0.00440863
-0.00442717
-0.00442604
-0.00441966
-0.00440131
-0.00437182
-0.00433796
-0.00430249
-0.004264
-0.00422412
-0.00416969
-0.00410893
-0.00405094
-0.00399243
-0.00392747
-0.00385588
-0.00378672
-0.00371179
-0.00363743
-0.00355703
-0.00347632
-0.0033934
-0.00330534
-0.00321991
-0.00312483
-0.00303472
-0.00293426
-0.00283432
-0.00272856
-0.00261391
-0.00249552
-0.00236455
-0.00223329
-0.000115301
-0.00028726
-0.000832609
-0.00102559
-0.00116448
-0.00179678
-0.00235243
-0.00246083
-0.00259474
-0.00296602
-0.00326613
-0.00343757
-0.00361472
-0.00364773
-0.00356285
-0.00366154
-0.003913
-0.0040295
-0.00397778
-0.0039945
-0.00415061
-0.00425851
-0.00425582
-0.00427667
-0.00434404
-0.00437158
-0.00437106
-0.00439354
-0.0044145
-0.00441486
-0.00440941
-0.00439208
-0.00436345
-0.00433019
-0.00429557
-0.00425827
-0.00421936
-0.00416542
-0.00410515
-0.00404783
-0.00398993
-0.00392539
-0.00385413
-0.0037853
-0.00371067
-0.00363655
-0.00355633
-0.00347581
-0.00339303
-0.00330508
-0.00321977
-0.00312475
-0.00303473
-0.00293431
-0.00283441
-0.00272868
-0.0026139
-0.00249545
-0.00236422
-0.0022331
-0.000222419
-0.000290408
-0.000838716
-0.00111551
-0.00119803
-0.00175193
-0.00233322
-0.00245615
-0.00254724
-0.00289502
-0.00322051
-0.00340731
-0.00357933
-0.003621
-0.00353856
-0.0036282
-0.00388703
-0.0040152
-0.00395701
-0.0039647
-0.00412669
-0.00424216
-0.00423796
-0.00425873
-0.00433053
-0.00435852
-0.00435516
-0.00437781
-0.0044014
-0.00440356
-0.00439905
-0.0043827
-0.00435494
-0.00432226
-0.00428848
-0.0042524
-0.00421452
-0.00416107
-0.00410128
-0.00404463
-0.00398738
-0.00392325
-0.00385233
-0.00378385
-0.00370951
-0.00363565
-0.00355562
-0.00347528
-0.00339265
-0.00330482
-0.00321962
-0.00312466
-0.00303475
-0.00293435
-0.0028345
-0.00272879
-0.00261388
-0.00249536
-0.00236389
-0.00223289
-0.00034121
-0.000309281
-0.000826108
-0.00119453
-0.0012503
-0.00171141
-0.00230558
-0.00245435
-0.00250935
-0.00282613
-0.00317013
-0.00337742
-0.00354599
-0.00359321
-0.00351421
-0.00359427
-0.00385941
-0.00400137
-0.00393768
-0.00393475
-0.00410161
-0.0042255
-0.00422
-0.00423974
-0.00431643
-0.00434602
-0.00433955
-0.00436152
-0.00438774
-0.00439212
-0.00438863
-0.00437317
-0.00434627
-0.00431418
-0.00428124
-0.00424639
-0.00420957
-0.00415664
-0.00409733
-0.00404135
-0.00398476
-0.00392106
-0.00385049
-0.00378235
-0.00370832
-0.00363472
-0.00355488
-0.00347473
-0.00339225
-0.00330454
-0.00321947
-0.00312457
-0.00303476
-0.0029344
-0.00283458
-0.0027289
-0.00261386
-0.00249526
-0.00236354
-0.00223266
-0.000459783
-0.000346943
-0.000800203
-0.00125519
-0.00131875
-0.00168105
-0.00226994
-0.00245223
-0.00247998
-0.00276176
-0.00311605
-0.0033461
-0.00351485
-0.00356527
-0.00348982
-0.00355974
-0.00382988
-0.00398782
-0.00391995
-0.00390483
-0.00407542
-0.00420846
-0.0042021
-0.00421982
-0.00430141
-0.00433396
-0.00432451
-0.0043448
-0.00437342
-0.00438046
-0.00437818
-0.00436353
-0.00433745
-0.00430595
-0.00427383
-0.00424024
-0.00420453
-0.00415214
-0.00409328
-0.00403798
-0.00398207
-0.00391883
-0.0038486
-0.00378082
-0.00370709
-0.00363377
-0.00355412
-0.00347417
-0.00339184
-0.00330426
-0.00321931
-0.00312448
-0.00303476
-0.00293445
-0.00283467
-0.00272902
-0.00261382
-0.00249516
-0.00236319
-0.00223242
-0.000566479
-0.00040264
-0.000768538
-0.0012919
-0.00139757
-0.00166645
-0.00222882
-0.00244712
-0.00245726
-0.00270317
-0.00306034
-0.00331217
-0.00348505
-0.003538
-0.00346577
-0.00352467
-0.00379804
-0.00397432
-0.00390399
-0.00387506
-0.0040482
-0.00419096
-0.00418434
-0.00419921
-0.00428525
-0.00432204
-0.00431025
-0.0043279
-0.00435833
-0.00436844
-0.00436771
-0.00435384
-0.00432849
-0.00429757
-0.00426626
-0.00423394
-0.0041994
-0.00414756
-0.00408915
-0.00403452
-0.00397931
-0.00391654
-0.00384666
-0.00377925
-0.00370583
-0.00363279
-0.00355334
-0.0034736
-0.00339142
-0.00330396
-0.00321914
-0.00312438
-0.00303477
-0.0029345
-0.00283475
-0.00272913
-0.00261379
-0.00249505
-0.00236283
-0.00223215
-0.000654058
-0.000471979
-0.000739357
-0.00130236
-0.00147852
-0.00167142
-0.00218665
-0.00243733
-0.00243903
-0.00265008
-0.00300506
-0.00327577
-0.00345541
-0.00351164
-0.00344269
-0.00348943
-0.00376346
-0.00396045
-0.00389009
-0.00384556
-0.00401997
-0.00417302
-0.00416674
-0.00417811
-0.00426786
-0.00430994
-0.00429686
-0.0043111
-0.00434248
-0.00435594
-0.00435723
-0.00434414
-0.00431942
-0.00428903
-0.00425852
-0.0042275
-0.00419418
-0.00414292
-0.00408493
-0.00403097
-0.00397649
-0.0039142
-0.00384468
-0.00377763
-0.00370454
-0.00363178
-0.00355254
-0.003473
-0.00339098
-0.00330366
-0.00321897
-0.00312428
-0.00303477
-0.00293456
-0.00283482
-0.00272924
-0.00261374
-0.00249492
-0.00236247
-0.00223187
-0.000723118
-0.000548364
-0.00071995
-0.00128823
-0.00155242
-0.00169659
-0.00214887
-0.00242266
-0.00242334
-0.00260135
-0.00295147
-0.00323831
-0.00342505
-0.00348558
-0.00342112
-0.0034548
-0.00372582
-0.00394551
-0.00387857
-0.00381657
-0.00399064
-0.00415472
-0.00414931
-0.00415672
-0.0042493
-0.00429729
-0.00428427
-0.00429477
-0.00432596
-0.00434275
-0.00434667
-0.00433451
-0.00431026
-0.00428033
-0.0042506
-0.00422091
-0.00418886
-0.00413822
-0.00408064
-0.00402734
-0.00397359
-0.00391182
-0.00384265
-0.00377598
-0.00370321
-0.00363075
-0.00355172
-0.00347239
-0.00339053
-0.00330335
-0.00321879
-0.00312417
-0.00303477
-0.00293461
-0.0028349
-0.00272934
-0.00261369
-0.00249479
-0.0023621
-0.00223157
-0.000781818
-0.000625392
-0.000715309
-0.00125505
-0.00161065
-0.00173854
-0.00212104
-0.00240462
-0.00240887
-0.00255562
-0.00289924
-0.00320142
-0.00339422
-0.0034588
-0.00340103
-0.00342186
-0.00368522
-0.00392851
-0.00386961
-0.00378851
-0.00396001
-0.00413611
-0.00413208
-0.00413512
-0.00422977
-0.00428378
-0.00427224
-0.00427923
-0.004309
-0.00432873
-0.0043359
-0.00432501
-0.00430109
-0.00427148
-0.0042425
-0.00421416
-0.00418347
-0.00413346
-0.00407626
-0.00402361
-0.00397063
-0.00390939
-0.00384058
-0.00377428
-0.00370185
-0.0036297
-0.00355087
-0.00347176
-0.00339007
-0.00330302
-0.0032186
-0.00312406
-0.00303477
-0.00293465
-0.00283497
-0.00272944
-0.00261363
-0.00249464
-0.00236172
-0.00223125
-0.000841765
-0.000699225
-0.000727408
-0.00121081
-0.00164695
-0.00179076
-0.00210733
-0.00238626
-0.00239514
-0.00251187
-0.00284684
-0.00316609
-0.0033645
-0.0034305
-0.00338148
-0.00339164
-0.00364243
-0.00390835
-0.00386305
-0.00376207
-0.00392789
-0.00411718
-0.00411522
-0.00411335
-0.0042095
-0.00426925
-0.00426038
-0.00426471
-0.00429194
-0.00431377
-0.00432476
-0.00431567
-0.00429198
-0.00426248
-0.0042342
-0.00420725
-0.00417799
-0.00412866
-0.00407181
-0.0040198
-0.0039676
-0.00390691
-0.00383846
-0.00377255
-0.00370045
-0.00362862
-0.00355
-0.00347111
-0.00338959
-0.00330269
-0.00321841
-0.00312394
-0.00303476
-0.0029347
-0.00283504
-0.00272954
-0.00261357
-0.00249449
-0.00236135
-0.00223092
-0.000913286
-0.000769905
-0.000755265
-0.00116383
-0.00165869
-0.00184507
-0.00210888
-0.00237148
-0.00238273
-0.00246987
-0.00279257
-0.00313164
-0.00333803
-0.00340097
-0.00336083
-0.00336465
-0.00359884
-0.00388407
-0.00385821
-0.00373807
-0.00389419
-0.00409771
-0.00409898
-0.00409135
-0.00418867
-0.00425374
-0.00424831
-0.00425122
-0.00427518
-0.00429789
-0.00431302
-0.00430647
-0.00428303
-0.00425338
-0.00422568
-0.00420017
-0.00417244
-0.00412383
-0.00406729
-0.00401589
-0.00396451
-0.0039044
-0.0038363
-0.00377077
-0.00369902
-0.00362751
-0.00354911
-0.00347045
-0.0033891
-0.00330234
-0.00321821
-0.00312382
-0.00303475
-0.00293474
-0.0028351
-0.00272964
-0.0026135
-0.00249433
-0.00236096
-0.00223057
-0.00100069
-0.000841603
-0.000796443
-0.00112133
-0.00164695
-0.00189307
-0.00212342
-0.00236409
-0.00237331
-0.00243027
-0.00273514
-0.00309561
-0.00331651
-0.00337223
-0.00333746
-0.00334024
-0.00355617
-0.0038554
-0.00385396
-0.00371729
-0.00385911
-0.00407729
-0.00408366
-0.00406917
-0.00416731
-0.00423746
-0.00423563
-0.00423858
-0.00425916
-0.00428127
-0.00430044
-0.00429731
-0.00427436
-0.00424424
-0.00421694
-0.0041929
-0.00416681
-0.00411898
-0.00406271
-0.00401189
-0.00396134
-0.00390184
-0.0038341
-0.00376896
-0.00369756
-0.00362638
-0.00354819
-0.00346977
-0.0033886
-0.00330199
-0.003218
-0.00312369
-0.00303473
-0.00293479
-0.00283516
-0.00272972
-0.00261342
-0.00249415
-0.00236058
-0.00223021
-0.00109838
-0.000920368
-0.000849403
-0.00108879
-0.00161566
-0.00192783
-0.00214633
-0.00236639
-0.00236934
-0.00239444
-0.00267448
-0.0030549
-0.00330001
-0.00334745
-0.00331066
-0.00331648
-0.00351591
-0.00382301
-0.00384892
-0.00370012
-0.00382321
-0.00405535
-0.0040695
-0.00404698
-0.00414537
-0.00422073
-0.00422209
-0.00422639
-0.00424426
-0.00426423
-0.00428678
-0.00428803
-0.00426605
-0.00423515
-0.00420795
-0.00418542
-0.00416111
-0.00411413
-0.00405808
-0.0040078
-0.0039581
-0.00389924
-0.00383186
-0.00376711
-0.00369606
-0.00362523
-0.00354726
-0.00346907
-0.00338808
-0.00330162
-0.00321778
-0.00312356
-0.00303472
-0.00293483
-0.00283521
-0.00272981
-0.00261334
-0.00249397
-0.00236019
-0.00222983
-0.00119318
-0.0010093
-0.000914819
-0.00107053
-0.00157031
-0.00194475
-0.00217163
-0.00237809
-0.00237361
-0.00236432
-0.00261194
-0.00300654
-0.003286
-0.00333002
-0.00328171
-0.00329089
-0.00347853
-0.00378843
-0.00384188
-0.00368637
-0.00378736
-0.0040314
-0.00405654
-0.00402514
-0.00412262
-0.00420378
-0.00420769
-0.00421417
-0.00423068
-0.00424725
-0.00427195
-0.00427836
-0.00425818
-0.00422625
-0.00419874
-0.00417768
-0.00415533
-0.00410928
-0.00405341
-0.00400362
-0.00395479
-0.00389661
-0.00382958
-0.00376522
-0.00369453
-0.00362405
-0.0035463
-0.00346835
-0.00338755
-0.00330124
-0.00321756
-0.00312342
-0.0030347
-0.00293486
-0.00283526
-0.00272988
-0.00261325
-0.00249378
-0.0023598
-0.00222945
-0.00127103
-0.00110492
-0.000994055
-0.00107074
-0.00151732
-0.00194162
-0.00219301
-0.00239651
-0.00238827
-0.00234238
-0.00254994
-0.00294881
-0.00327016
-0.0033222
-0.00325411
-0.00326128
-0.00344284
-0.00375351
-0.0038324
-0.00367527
-0.00375245
-0.00400515
-0.00404453
-0.00400419
-0.00409889
-0.00418674
-0.0041927
-0.00420142
-0.00421831
-0.00423085
-0.004256
-0.004268
-0.00425071
-0.00421769
-0.00418934
-0.00416964
-0.00414946
-0.00410448
-0.00404872
-0.00399934
-0.00395141
-0.00389395
-0.00382728
-0.00376329
-0.00369297
-0.00362285
-0.00354533
-0.00346762
-0.00338701
-0.00330085
-0.00321733
-0.00312327
-0.00303467
-0.00293489
-0.00283531
-0.00272996
-0.00261316
-0.00249358
-0.00235941
-0.00222905
-0.00132617
-0.00120016
-0.00108625
-0.00109322
-0.0014643
-0.00191846
-0.00220513
-0.00241745
-0.00241367
-0.00233145
-0.00249141
-0.00288211
-0.00324756
-0.00332354
-0.00323246
-0.00322707
-0.00340624
-0.00371965
-0.0038212
-0.00366574
-0.00371909
-0.0039767
-0.00403295
-0.00398467
-0.00407414
-0.00416949
-0.00417756
-0.00418775
-0.00420681
-0.0042156
-0.00423918
-0.0042566
-0.00424354
-0.00420966
-0.00417983
-0.00416125
-0.00414347
-0.00409973
-0.00404402
-0.00399498
-0.00394796
-0.00389126
-0.00382494
-0.00376133
-0.00369137
-0.00362162
-0.00354434
-0.00346687
-0.00338645
-0.00330044
-0.0032171
-0.00312312
-0.00303464
-0.00293492
-0.00283534
-0.00273002
-0.00261306
-0.00249337
-0.00235902
-0.00222865
-0.00136259
-0.00128732
-0.00118679
-0.00114
-0.00142003
-0.00187787
-0.00220391
-0.00243577
-0.00244774
-0.0023342
-0.00243962
-0.00280886
-0.00321362
-0.00333025
-0.00322145
-0.0031905
-0.00336562
-0.00368679
-0.00380986
-0.00365696
-0.00368728
-0.00394646
-0.00402125
-0.00396702
-0.00404856
-0.00415173
-0.0041627
-0.00417303
-0.00419562
-0.00420189
-0.00422196
-0.00424387
-0.00423641
-0.00420232
-0.00417035
-0.00415247
-0.00413732
-0.00409505
-0.00403934
-0.00399054
-0.00394444
-0.00388854
-0.00382258
-0.00375934
-0.00368975
-0.00362037
-0.00354333
-0.0034661
-0.00338589
-0.00330003
-0.00321686
-0.00312295
-0.0030346
-0.00293494
-0.00283538
-0.00273008
-0.00261296
-0.00249316
-0.00235863
-0.00222823
-0.00138717
-0.0013619
-0.00128871
-0.0012091
-0.00139351
-0.00182534
-0.00218664
-0.00244635
-0.00248658
-0.00235227
-0.00239815
-0.0027327
-0.0031657
-0.00333667
-0.00322396
-0.00315627
-0.00331853
-0.00365278
-0.00380019
-0.00364899
-0.0036565
-0.00391497
-0.00400899
-0.00395141
-0.00402262
-0.00413303
-0.00414843
-0.00415745
-0.00418411
-0.00418987
-0.00420495
-0.00422968
-0.00422899
-0.00419578
-0.00416109
-0.00414329
-0.00413095
-0.00409047
-0.00403471
-0.00398601
-0.00394083
-0.0038858
-0.00382021
-0.00375732
-0.0036881
-0.00361911
-0.00354231
-0.00346531
-0.00338531
-0.0032996
-0.00321661
-0.00312279
-0.00303456
-0.00293496
-0.0028354
-0.00273013
-0.00261285
-0.00249294
-0.00235824
-0.00222781
-0.00140296
-0.00142386
-0.00138483
-0.00129377
-0.00139143
-0.00176924
-0.00215269
-0.00244507
-0.00252491
-0.00238523
-0.00237054
-0.00265767
-0.00310406
-0.00333637
-0.00323924
-0.00313029
-0.00326492
-0.00361406
-0.00379325
-0.00364324
-0.00362596
-0.00388244
-0.003996
-0.00393774
-0.00399691
-0.00411306
-0.00413481
-0.00414153
-0.0041717
-0.00417932
-0.00418883
-0.0042141
-0.00422084
-0.00419005
-0.00415228
-0.00413372
-0.00412428
-0.00408598
-0.00403018
-0.00398142
-0.00393715
-0.00388304
-0.00381782
-0.00375527
-0.00368643
-0.00361782
-0.00354127
-0.00346451
-0.00338473
-0.00329916
-0.00321636
-0.00312261
-0.00303451
-0.00293498
-0.00283542
-0.00273018
-0.00261273
-0.00249271
-0.00235785
-0.00222739
-0.00140769
-0.00147397
-0.00147097
-0.00138542
-0.00141533
-0.00172007
-0.0021045
-0.00242907
-0.0025568
-0.00243001
-0.00235987
-0.00258807
-0.00303152
-0.00332349
-0.00326257
-0.00311839
-0.00320822
-0.00356653
-0.00378815
-0.003642
-0.00359525
-0.00384851
-0.00398242
-0.00392576
-0.00397204
-0.00409167
-0.00412164
-0.00412589
-0.00415801
-0.00416972
-0.00417425
-0.00419749
-0.00421154
-0.004185
-0.00414419
-0.00412383
-0.00411721
-0.00408157
-0.00402579
-0.00397678
-0.00393338
-0.00388026
-0.00381542
-0.0037532
-0.00368473
-0.00361651
-0.00354022
-0.0034637
-0.00338413
-0.00329871
-0.0032161
-0.00312243
-0.00303446
-0.00293499
-0.00283543
-0.00273022
-0.00261262
-0.00249247
-0.00235746
-0.00222697
-0.0013989
-0.00151049
-0.00154642
-0.00147601
-0.00146042
-0.0016876
-0.00204788
-0.00239705
-0.00257676
-0.00248148
-0.00236806
-0.00252831
-0.00295226
-0.00329463
-0.0032873
-0.00312402
-0.00315447
-0.00350706
-0.00378147
-0.00364781
-0.00356512
-0.00381222
-0.00396845
-0.00391529
-0.00394845
-0.00406901
-0.00410846
-0.00411109
-0.00414304
-0.00416036
-0.00416166
-0.00418042
-0.00420069
-0.00418034
-0.00413708
-0.00411378
-0.00410966
-0.00407721
-0.00402158
-0.00397212
-0.00392953
-0.00387745
-0.00381303
-0.00375111
-0.00368302
-0.00361518
-0.00353916
-0.00346287
-0.00338353
-0.00329825
-0.00321583
-0.00312224
-0.0030344
-0.002935
-0.00283543
-0.00273026
-0.0026125
-0.00249223
-0.00235708
-0.00222654
-0.00138087
-0.0015299
-0.00161068
-0.00156101
-0.00151852
-0.00167727
-0.0019916
-0.00235025
-0.00258082
-0.00253297
-0.00239477
-0.00248256
-0.00287082
-0.00324985
-0.0033059
-0.0031461
-0.00311116
-0.00343572
-0.00376807
-0.00366223
-0.00353792
-0.00377235
-0.00395392
-0.00390639
-0.00392635
-0.00404549
-0.00409474
-0.00409748
-0.00412719
-0.00415049
-0.00415113
-0.00416365
-0.0041881
-0.00417566
-0.00413114
-0.00410378
-0.00410156
-0.00407282
-0.0040176
-0.00396747
-0.00392558
-0.00387463
-0.00381065
-0.00374901
-0.00368128
-0.00361384
-0.00353809
-0.00346203
-0.00338292
-0.00329778
-0.00321556
-0.00312205
-0.00303433
-0.00293501
-0.00283542
-0.00273029
-0.00261237
-0.00249199
-0.0023567
-0.00222612
-0.00136554
-0.00153148
-0.00166036
-0.0016397
-0.00158186
-0.00168805
-0.00194542
-0.00229282
-0.00256704
-0.00257713
-0.00243672
-0.00245454
-0.00279194
-0.00319208
-0.00331178
-0.00317896
-0.00308566
-0.00335691
-0.00374196
-0.00368443
-0.00351726
-0.00372808
-0.00393797
-0.0038994
-0.00390582
-0.00402159
-0.00408009
-0.0040851
-0.00411115
-0.00413948
-0.00414237
-0.00414799
-0.00417385
-0.00417044
-0.00412645
-0.00409414
-0.00409287
-0.00406831
-0.00401389
-0.00396288
-0.00392155
-0.00387178
-0.00380829
-0.00374691
-0.00367953
-0.00361249
-0.00353702
-0.00346117
-0.0033823
-0.00329731
-0.00321528
-0.00312186
-0.00303425
-0.00293501
-0.0028354
-0.00273031
-0.00261225
-0.00249174
-0.00235633
-0.00222569
-0.00136508
-0.00152082
-0.00169016
-0.00171145
-0.00164564
-0.00171371
-0.00191658
-0.00223164
-0.00253603
-0.00260757
-0.00248812
-0.00244687
-0.00272023
-0.00312541
-0.00330145
-0.00321493
-0.00308233
-0.00327808
-0.00369801
-0.00371029
-0.00350731
-0.00367989
-0.00391895
-0.00389471
-0.00388694
-0.00399777
-0.00406436
-0.00407365
-0.00409566
-0.00412698
-0.0041347
-0.00413418
-0.00415832
-0.00416415
-0.00412293
-0.00408519
-0.00408363
-0.00406356
-0.00401045
-0.0039584
-0.00391744
-0.0038689
-0.00380595
-0.00374482
-0.00367777
-0.00361112
-0.00353594
-0.00346031
-0.00338168
-0.00329682
-0.00321499
-0.00312165
-0.00303416
-0.00293501
-0.00283538
-0.00273032
-0.00261212
-0.00249149
-0.00235596
-0.00222528
-0.00138203
-0.00150871
-0.00169743
-0.0017725
-0.00170907
-0.00174735
-0.00190709
-0.0021752
-0.0024912
-0.00262041
-0.00254127
-0.00245983
-0.00266002
-0.00305417
-0.00327539
-0.00324544
-0.00310026
-0.00320857
-0.00363464
-0.00373349
-0.00351156
-0.00363027
-0.00389473
-0.00389235
-0.00387008
-0.00397431
-0.00404767
-0.00406262
-0.00408135
-0.00411314
-0.00412732
-0.00412271
-0.00414216
-0.0041563
-0.0041203
-0.00407726
-0.00407397
-0.00405845
-0.00400728
-0.00395412
-0.00391327
-0.00386598
-0.00380365
-0.00374274
-0.00367601
-0.00360975
-0.00353486
-0.00345945
-0.00338105
-0.00329633
-0.00321469
-0.00312145
-0.00303406
-0.002935
-0.00283535
-0.00273033
-0.00261199
-0.00249123
-0.0023556
-0.00222487
-0.00140863
-0.00150601
-0.00168635
-0.00181638
-0.00177229
-0.00178394
-0.0019135
-0.00213104
-0.00243804
-0.00261485
-0.0025878
-0.0024905
-0.00261528
-0.00298263
-0.00323695
-0.00326326
-0.00313328
-0.00315766
-0.00355571
-0.00374634
-0.00353092
-0.00358344
-0.00386333
-0.00389163
-0.00385588
-0.00395135
-0.00403036
-0.00405147
-0.00406858
-0.00409848
-0.00411942
-0.00411365
-0.00412622
-0.00414663
-0.00411813
-0.00407066
-0.0040641
-0.00405284
-0.00400434
-0.0039501
-0.00390906
-0.00386301
-0.00380138
-0.0037407
-0.00367424
-0.00360836
-0.00353379
-0.00345858
-0.00338042
-0.00329583
-0.00321439
-0.00312124
-0.00303396
-0.00293499
-0.00283531
-0.00273033
-0.00261186
-0.00249098
-0.00235525
-0.00222447
-0.00143441
-0.00151749
-0.00166728
-0.00183781
-0.00183279
-0.00182191
-0.00192975
-0.00210332
-0.00238352
-0.00259333
-0.00262082
-0.0025331
-0.00258923
-0.00291466
-0.0031903
-0.00326504
-0.0031728
-0.00313144
-0.00346909
-0.00374136
-0.00356246
-0.00354468
-0.0038239
-0.00389085
-0.00384517
-0.00392902
-0.00401281
-0.00403983
-0.00405735
-0.0040838
-0.00411034
-0.00410663
-0.00411137
-0.00413516
-0.00411588
-0.00406556
-0.00405432
-0.00404665
-0.00400152
-0.00394642
-0.00390487
-0.00385997
-0.00379915
-0.00373869
-0.00367249
-0.00360698
-0.00353272
-0.00345771
-0.00337979
-0.00329534
-0.00321408
-0.00312103
-0.00303384
-0.00293497
-0.00283527
-0.00273032
-0.00261174
-0.00249072
-0.00235491
-0.00222408
-0.00145264
-0.0015396
-0.00165299
-0.00183754
-0.00188481
-0.00186207
-0.00195053
-0.00209174
-0.00233449
-0.00256056
-0.00263686
-0.00257977
-0.00258307
-0.00285381
-0.00313949
-0.00325182
-0.00320929
-0.00313035
-0.00338504
-0.00371412
-0.00359998
-0.00351925
-0.00377768
-0.0038876
-0.00383856
-0.00390765
-0.0039953
-0.00402761
-0.00404731
-0.0040699
-0.00409983
-0.00410097
-0.00409839
-0.00412224
-0.00411297
-0.00406195
-0.004045
-0.00403984
-0.00399873
-0.00394312
-0.00390074
-0.00385687
-0.00379697
-0.00373675
-0.00367074
-0.00360559
-0.00353166
-0.00345685
-0.00337915
-0.00329484
-0.00321377
-0.00312082
-0.00303372
-0.00293495
-0.00283521
-0.0027303
-0.00261162
-0.00249047
-0.00235458
-0.0022237
-0.00146416
-0.00156442
-0.00165228
-0.00182325
-0.00192179
-0.00190428
-0.00197265
-0.00209268
-0.00229576
-0.00252224
-0.00263628
-0.00262204
-0.002595
-0.0028036
-0.00308785
-0.00322751
-0.00323478
-0.00314912
-0.0033144
-0.00366558
-0.00363551
-0.00351052
-0.00372815
-0.00387921
-0.00383606
-0.00388784
-0.00397799
-0.00401493
-0.00403793
-0.00405743
-0.00408806
-0.00409587
-0.00408783
-0.00410851
-0.00410885
-0.00405967
-0.00403653
-0.00403247
-0.00399582
-0.00394024
-0.00389674
-0.00385369
-0.00379481
-0.00373487
-0.00366903
-0.00360422
-0.00353062
-0.003456
-0.00337852
-0.00329434
-0.00321345
-0.00312061
-0.00303358
-0.00293493
-0.00283516
-0.00273028
-0.0026115
-0.00249022
-0.00235426
-0.00222334
-0.0014754
-0.00158549
-0.00166563
-0.00180596
-0.00194039
-0.00194562
-0.00199545
-0.00210154
-0.00226932
-0.00248409
-0.00262267
-0.00265314
-0.00262029
-0.00276722
-0.00303789
-0.00319654
-0.00324544
-0.00317954
-0.00326524
-0.00360194
-0.00366057
-0.00351846
-0.00368023
-0.00386359
-0.00383677
-0.00387049
-0.00396094
-0.00400211
-0.00402873
-0.00404673
-0.00407561
-0.0040905
-0.00407981
-0.00409477
-0.00410319
-0.00405836
-0.00402928
-0.00402469
-0.00399264
-0.00393781
-0.00389296
-0.00385045
-0.00379269
-0.00373307
-0.00366734
-0.00360285
-0.00352959
-0.00345516
-0.00337789
-0.00329385
-0.00321313
-0.0031204
-0.00303344
-0.00293489
-0.0028351
-0.00273025
-0.00261138
-0.00248998
-0.00235395
-0.00222299
-0.00149249
-0.00160075
-0.00168691
-0.00179551
-0.00194303
-0.00198139
-0.00201923
-0.00211449
-0.00225453
-0.00245048
-0.00260106
-0.00266988
-0.00265226
-0.00274645
-0.00299178
-0.00316299
-0.00324206
-0.00321231
-0.00324022
-0.003532
-0.00366859
-0.00353926
-0.0036394
-0.00384011
-0.00383892
-0.00385654
-0.00394427
-0.00398951
-0.00401936
-0.00403781
-0.00406328
-0.00408421
-0.00407403
-0.00408191
-0.00409587
-0.00405753
-0.00402352
-0.00401672
-0.00398908
-0.00393579
-0.0038895
-0.0038472
-0.00379059
-0.00373136
-0.0036657
-0.00360148
-0.00352857
-0.00345432
-0.00337726
-0.00329336
-0.0032128
-0.00312019
-0.0030333
-0.00293486
-0.00283504
-0.00273021
-0.00261128
-0.00248975
-0.00235366
-0.00222267
-0.00151721
-0.00161258
-0.00170859
-0.0017961
-0.00193629
-0.00200747
-0.00204348
-0.00212904
-0.00224899
-0.00242376
-0.00257672
-0.00267297
-0.00268359
-0.00274067
-0.00295179
-0.00312989
-0.00322835
-0.00323911
-0.00323657
-0.00346602
-0.00365725
-0.00356676
-0.00361039
-0.00381008
-0.00384023
-0.00384667
-0.00392825
-0.00397743
-0.00400976
-0.00403033
-0.00405189
-0.00407672
-0.00406986
-0.00407074
-0.00408716
-0.00405663
-0.00401934
-0.00400888
-0.00398506
-0.00393409
-0.0038864
-0.00384395
-0.00378854
-0.00372979
-0.00366414
-0.00360016
-0.00352759
-0.00345352
-0.00337664
-0.00329287
-0.00321245
-0.00311996
-0.00303313
-0.0029348
-0.00283496
-0.00273016
-0.00261117
-0.00248952
-0.00235338
-0.00222236
-0.00154661
-0.00162507
-0.001726
-0.00180577
-0.0019277
-0.00202265
-0.00206645
-0.00214396
-0.00224995
-0.00240445
-0.00255404
-0.00266611
-0.00270834
-0.00274687
-0.00292
-0.00309909
-0.00320894
-0.00325506
-0.00324786
-0.00341291
-0.00362931
-0.0035937
-0.00359563
-0.00377668
-0.00383845
-0.00384099
-0.00391335
-0.00396605
-0.00400017
-0.00402378
-0.00404209
-0.00406824
-0.00406657
-0.00406172
-0.00407758
-0.0040552
-0.00401662
-0.00400147
-0.00398058
-0.00393262
-0.0038837
-0.00384076
-0.00378652
-0.00372833
-0.00366267
-0.00359891
-0.00352669
-0.00345279
-0.00337608
-0.00329244
-0.00321217
-0.00311978
-0.003033
-0.00293478
-0.00283491
-0.00273013
-0.00261108
-0.00248931
-0.00235312
-0.00222208
-0.00157564
-0.0016409
-0.00173857
-0.00181955
-0.00192271
-0.00202897
-0.00208608
-0.00215857
-0.00225499
-0.00239165
-0.00253537
-0.00265404
-0.00272369
-0.00276056
-0.00289763
-0.00307137
-0.00318825
-0.0032599
-0.00326635
-0.00337741
-0.00359103
-0.00361348
-0.00359408
-0.00374395
-0.00383218
-0.00383882
-0.00390016
-0.00395543
-0.00399102
-0.00401779
-0.00403426
-0.00405945
-0.00406357
-0.00405497
-0.00406778
-0.00405306
-0.00401514
-0.00399471
-0.0039757
-0.00393122
-0.0038813
-0.00383754
-0.0037844
-0.00372684
-0.00366116
-0.00359756
-0.00352568
-0.00345195
-0.00337541
-0.00329191
-0.00321177
-0.00311952
-0.0030328
-0.00293469
-0.00283482
-0.00273006
-0.00261099
-0.00248911
-0.00235288
-0.00222182
-0.00160003
-0.00165994
-0.00174864
-0.00183301
-0.00192306
-0.00203009
-0.00210123
-0.00217245
-0.00226237
-0.00238407
-0.00252095
-0.0026411
-0.00273035
-0.00277677
-0.00288463
-0.00304694
-0.00316913
-0.00325698
-0.00328479
-0.00335845
-0.00355009
-0.00362289
-0.00360218
-0.00371574
-0.00382159
-0.00383909
-0.00388923
-0.00394562
-0.00398269
-0.00401222
-0.00402832
-0.00405101
-0.00406071
-0.00405049
-0.00405863
-0.0040504
-0.00401495
-0.00398923
-0.00397102
-0.00393025
-0.00387967
-0.00383483
-0.00378265
-0.00372574
-0.00366
-0.00359652
-0.00352494
-0.00345136
-0.00337495
-0.00329156
-0.00321152
-0.00311937
-0.00303268
-0.00293465
-0.00283477
-0.00273002
-0.00261092
-0.00248894
-0.00235267
-0.00222159
-0.0016181
-0.00167993
-0.0017587
-0.00184404
-0.00192725
-0.00202933
-0.00211185
-0.00218534
-0.002271
-0.00238066
-0.00251007
-0.00262966
-0.00273129
-0.00279185
-0.00287971
-0.0030263
-0.00315212
-0.00324988
-0.00329902
-0.00335156
-0.00351205
-0.0036224
-0.00361507
-0.00369356
-0.0038075
-0.00384009
-0.00388036
-0.00393619
-0.00397488
-0.00400633
-0.00402338
-0.00404268
-0.00405688
-0.00404712
-0.00404976
-0.00404634
-0.0040147
-0.0039842
-0.00396572
-0.00392869
-0.00387792
-0.00383192
-0.00378056
-0.0037244
-0.00365864
-0.00359527
-0.00352399
-0.00345059
-0.00337433
-0.00329106
-0.00321115
-0.00311912
-0.00303249
-0.00293456
-0.00283469
-0.00272996
-0.00261084
-0.00248878
-0.00235247
-0.0022214
-0.00163129
-0.00169885
-0.00177011
-0.00185331
-0.00193383
-0.00202955
-0.00211924
-0.00219729
-0.00228098
-0.00238133
-0.00250343
-0.00262164
-0.00272999
-0.00280551
-0.00288198
-0.00301175
-0.00313935
-0.00324271
-0.00331013
-0.00335479
-0.00348318
-0.00361628
-0.00363091
-0.00368022
-0.00379388
-0.00384241
-0.00387538
-0.00392932
-0.00396946
-0.00400221
-0.00402093
-0.00403668
-0.00405408
-0.00404613
-0.00404337
-0.00404297
-0.00401561
-0.00398111
-0.00396157
-0.00392774
-0.00387699
-0.00382974
-0.00377894
-0.00372341
-0.00365763
-0.0035943
-0.00352327
-0.00345
-0.00337384
-0.00329067
-0.00321084
-0.0031189
-0.00303231
-0.00293447
-0.00283461
-0.00272991
-0.00261078
-0.00248865
-0.0023523
-0.00222124
-0.0016367
-0.00171282
-0.00178062
-0.00185937
-0.0019393
-0.00202907
-0.00212179
-0.00220441
-0.00228819
-0.00238247
-0.00249792
-0.00261468
-0.00272444
-0.00281232
-0.00288616
-0.00300089
-0.00312836
-0.00323309
-0.00331215
-0.00336114
-0.00346284
-0.00360195
-0.00364206
-0.00367286
-0.00377908
-0.00384223
-0.00387112
-0.00392263
-0.00396414
-0.00399715
-0.00401841
-0.00403106
-0.00404996
-0.00404508
-0.00403777
-0.00403849
-0.00401563
-0.00397858
-0.00395747
-0.00392641
-0.00387619
-0.00382794
-0.00377756
-0.00372264
-0.00365686
-0.00359356
-0.00352273
-0.00344958
-0.0033735
-0.00329041
-0.00321065
-0.00311879
-0.00303223
-0.00293444
-0.00283458
-0.00272989
-0.00261076
-0.00248856
-0.00235216
-0.00222111
-0.00164658
-0.00172665
-0.00179482
-0.00186969
-0.00194977
-0.00203631
-0.00212849
-0.00221379
-0.00229814
-0.00239058
-0.00250116
-0.00261665
-0.002725
-0.00281756
-0.00289492
-0.00300141
-0.00312658
-0.00323093
-0.0033118
-0.00336858
-0.00345992
-0.00359286
-0.00364726
-0.00367446
-0.00377126
-0.00384149
-0.00387011
-0.00391902
-0.00396171
-0.00399425
-0.00401691
-0.00402859
-0.00404687
-0.00404438
-0.00403497
-0.00403456
-0.0040149
-0.00397707
-0.00395408
-0.00392441
-0.00387495
-0.00382596
-0.00377563
-0.00372122
-0.0036556
-0.00359236
-0.00352174
-0.00344874
-0.0033728
-0.00328983
-0.00321017
-0.00311843
-0.00303194
-0.00293425
-0.00283445
-0.0027298
-0.00261071
-0.0024885
-0.00235205
-0.00222103
)
;

boundaryField
{
    zeroGradientPlanes
    {
        type            zeroGradient;
    }
    inlet
    {
        type            zeroGradient;
    }
    plate
    {
        type            zeroGradient;
    }
    frontAndBack
    {
        type            empty;
    }
}


// ************************************************************************* //
